2.737025,-0.330320,2.636642,2.710640
4.395333,0.360831,2.629098,2.703815
6.053605,1.052097,2.621914,2.696990
7.711834,1.743503,2.614370,2.690524
9.370011,2.435074,2.606827,2.683699
11.028129,3.126835,2.599283,2.676874
12.686180,3.818809,2.591740,2.670049
14.344155,4.511022,2.584196,2.663224
16.002046,5.203499,2.577012,2.656398
17.659847,5.896265,2.569468,2.649573
19.317548,6.589343,2.561925,2.642748
20.975141,7.282760,2.554381,2.636282
22.632621,7.976535,2.546838,2.629457
24.290044,8.670484,2.539294,2.622632
25.947571,9.364097,2.532110,2.615807
27.605372,10.056835,2.524566,2.608982
29.263615,10.748161,2.517023,2.602157
30.922471,11.437535,2.509479,2.595332
32.582107,12.124419,2.501936,2.588507
34.242695,12.808276,2.494392,2.582041
35.904402,13.488565,2.487208,2.575216
37.567134,14.165647,2.479664,2.568391
39.229508,14.844279,2.472121,2.561566
40.889745,15.530562,2.538935,2.560847
42.546063,16.230601,2.627302,2.561566
44.198035,16.947087,2.715669,2.562643
45.871757,17.615620,2.835288,2.822715
47.611421,18.099309,3.074166,3.333520
49.341013,18.045879,3.376266,3.612271
50.839308,17.208338,3.436255,3.553359
51.946074,15.810679,3.379140,3.442362
52.796035,14.158133,3.167562,3.135233
53.499492,12.475832,2.802958,2.775299
53.990768,10.773109,2.422190,2.568031
54.218926,9.034974,2.121167,2.429374
54.236372,7.267956,2.171098,2.396326
54.111261,5.481863,2.247252,2.369744
53.911751,3.686506,2.323406,2.342803
53.700798,1.890927,2.389501,2.319454
53.498500,0.097872,2.389501,2.318736
53.303860,-1.693017,2.389861,2.317658
53.115737,-3.482119,2.389861,2.316581
52.932987,-5.269813,2.390220,2.315503
52.754466,-7.056477,2.390220,2.314425
52.579032,-8.842491,2.390579,2.313348
52.405542,-10.628233,2.390579,2.312270
52.232853,-12.414082,2.390938,2.311192
52.059989,-14.200352,2.390938,2.310115
51.886718,-15.987071,2.391297,2.309037
51.713004,-17.774189,2.391297,2.307959
51.538815,-19.561656,2.391657,2.306882
51.364117,-21.349422,2.391657,2.305804
51.188878,-23.137437,2.392016,2.304726
51.013063,-24.925651,2.392016,2.303649
50.836640,-26.714015,2.392375,2.302571
50.659574,-28.502478,2.392375,2.301494
50.481833,-30.290991,2.392734,2.300416
50.303384,-32.079503,2.392734,2.299338
50.124193,-33.867966,2.393093,2.298261
49.944226,-35.656328,2.393093,2.297183
49.763450,-37.444539,2.393453,2.296105
49.581834,-39.232552,2.393453,2.295028
49.399341,-41.020314,2.393812,2.293950
49.215940,-42.807776,2.393812,2.292872
49.031668,-44.594903,2.394171,2.291795
48.847137,-46.381778,2.394171,2.290717
48.663229,-48.168536,2.394530,2.289999
48.480827,-49.955316,2.394530,2.288921
48.300816,-51.742255,2.394890,2.287843
48.124078,-53.529491,2.394890,2.286766
47.951498,-55.317161,2.395249,2.285688
47.783960,-57.105403,2.395249,2.284610
47.622310,-58.894351,2.395608,2.283533
47.465752,-60.683945,2.395608,2.282455
47.311258,-62.473862,2.395967,2.281377
47.155638,-64.263762,2.392734,2.290717
46.995707,-66.053304,2.386628,2.308319
46.828272,-67.842148,2.380880,2.325561
46.650148,-69.629953,2.375133,2.343163
46.458146,-71.416377,2.319454,2.381599
46.249076,-73.201081,2.222825,2.437277
46.018982,-74.983478,2.219592,2.424704
45.751791,-76.759088,2.269883,2.372618
45.421768,-78.520333,2.326279,2.312629
45.002910,-80.259546,2.386628,2.247611
44.469242,-81.969051,2.331308,2.356453
43.801513,-83.638111,2.327357,2.370463
42.995957,-85.248954,2.303290,2.324124
42.050977,-86.782821,2.233961,2.258388
40.964978,-88.220951,2.141643,2.202709
39.734832,-89.537970,2.078061,2.087760
38.345839,-90.658505,2.082731,2.059742
36.785746,-91.501370,2.033160,2.132662
35.100329,-92.113094,2.111828,2.147031
33.361011,-92.597337,2.128711,2.194088
31.610220,-93.019754,2.141283,2.209534
29.852321,-93.395953,2.154215,2.224981
28.089112,-93.738174,2.167147,2.240786
26.322392,-94.058651,2.179719,2.256232
24.553672,-94.367646,2.167865,2.248330
22.783323,-94.667530,2.155652,2.240786
21.011429,-94.958698,2.143798,2.233243
19.238077,-95.241548,2.131585,2.225340
17.463348,-95.516473,2.119730,2.217796
15.687329,-95.783872,2.107517,2.210253
13.910105,-96.044139,2.108595,2.193010
12.131760,-96.297671,2.132303,2.159963
10.352378,-96.544864,2.156370,2.126915
8.572045,-96.786113,2.180079,2.093508
6.790845,-97.021816,2.203787,2.060460
5.008862,-97.252368,2.181516,2.093149
3.226182,-97.478164,2.152778,2.134818
1.442890,-97.699601,2.124400,2.176487
-0.340931,-97.917076,2.095663,2.217796
-2.125196,-98.130984,2.114701,2.215641
-3.909819,-98.341721,2.142002,2.205942
-5.694640,-98.550175,2.169302,2.196603
-7.478941,-98.760772,2.188341,2.185826
-9.261765,-98.979490,2.196243,2.173613
-11.042151,-99.212313,2.204505,2.161399
-12.819449,-99.463265,2.212408,2.149545
-14.595218,-99.722349,2.200195,2.174690
-16.371987,-99.973457,2.187622,2.200195
-18.152281,-100.200455,2.175050,2.226058
-19.938572,-100.387585,2.166788,2.238631
-21.731163,-100.532704,2.166788,2.227854
-23.527631,-100.650807,2.166788,2.216719
-25.325379,-100.757978,2.166788,2.205583
-27.121812,-100.870301,2.166788,2.194807
-28.914333,-101.003861,2.166788,2.183671
-30.700345,-101.174741,2.176127,2.139487
-32.477254,-101.399027,2.187981,2.086683
-34.242461,-101.692803,2.200195,2.053276
-35.993259,-102.071454,2.160322,2.098178
-37.725354,-102.540543,2.074110,2.210971
-39.433287,-103.098391,2.129429,2.160322
-41.111571,-103.743151,2.164632,2.121527
-42.754717,-104.472975,2.153138,2.112187
-44.357240,-105.286017,2.188341,2.035674
-45.913652,-106.180430,2.249048,1.925036
-47.418465,-107.154366,2.207020,1.980355
-48.866238,-108.205942,2.164992,2.035674
-50.258800,-109.327583,2.122963,2.090993
-51.613154,-110.499829,2.111109,2.122604
-52.948204,-111.701731,2.171817,2.096381
-54.282855,-112.912341,2.232883,2.070159
-55.631740,-114.114579,2.197680,2.112546
-56.980425,-115.317679,2.128711,2.178642
-58.302373,-116.541842,2.082372,2.222107
-59.571003,-117.807301,2.171817,2.128711
-60.760442,-119.133815,2.231447,2.069800
-61.868260,-120.525332,2.216359,2.097459
-62.920307,-121.966728,2.201272,2.124760
-63.944118,-123.441741,2.194807,2.123323
-64.966308,-124.934483,2.191933,2.109313
-65.983554,-126.441150,2.157089,2.123323
-66.956731,-127.972390,2.065130,2.186185
-67.844613,-129.539700,2.015558,2.218156
-68.605971,-131.154578,2.079858,2.137332
-69.211375,-132.824297,2.208097,1.987539
-69.674025,-134.540880,2.225699,1.932579
-70.016745,-136.292901,2.165710,1.995442
-70.262360,-138.068934,2.161399,2.050761
-70.433696,-139.857902,2.091712,2.174690
-70.553601,-141.653186,2.028131,2.289999
-70.644939,-143.451287,2.085605,2.241145
-70.730575,-145.248764,2.143079,2.192292
-70.833317,-147.042194,2.200554,2.143798
-70.968554,-148.830024,2.213127,2.137691
-71.136839,-150.614440,2.223544,2.133021
-71.336961,-152.398079,2.234320,2.128352
-71.567615,-154.183562,2.245097,2.124041
-71.814887,-155.972194,2.255873,2.119371
-72.039797,-157.762655,2.266650,2.114701
-72.200400,-159.553317,2.277067,2.110391
-72.254751,-161.342550,2.287843,2.105721
-72.165113,-163.127477,2.283892,2.029927
-71.920832,-164.897203,2.177923,2.065130
-71.521991,-166.637652,2.236835,2.043577
-70.968699,-168.334737,2.115779,2.166069
-70.261511,-169.974703,2.060460,2.219952
-69.414044,-171.553392,2.176127,2.116138
-68.454765,-173.077560,2.175768,2.065848
-67.412941,-174.554551,2.156370,2.061178
-66.317844,-175.991713,2.121167,2.096741
-65.193968,-177.396489,2.132303,2.110032
-64.049592,-178.776665,2.148109,2.121167
-62.889549,-180.140094,2.163914,2.132303
-61.718672,-181.494632,2.182952,2.146312
-60.538499,-182.844244,2.207020,2.164992
-59.339431,-184.179739,2.231087,2.184030
-58.109520,-185.489155,2.310115,2.264494
-56.836818,-186.760526,2.397404,2.353580
-55.509770,-187.981366,2.483975,2.466014
-54.121546,-189.132945,2.580604,2.569109
-52.668430,-190.192413,2.708844,2.625147
-51.146754,-191.136854,2.732552,2.687650
-49.552917,-191.943468,2.737581,2.708844
-47.889794,-192.602353,2.734707,2.666456
-46.172446,-193.127863,2.594254,2.591380
-44.417281,-193.537030,2.537498,2.499780
-42.640703,-193.846886,2.511635,2.399559
-40.857376,-194.073754,2.427937,2.291076
-39.071446,-194.229697,2.344599,2.182952
-37.283151,-194.325186,2.281377,2.136973
-35.492718,-194.370692,2.240068,2.158885
-33.700376,-194.376687,2.198758,2.181156
-31.906353,-194.353639,2.157807,2.203068
-30.110877,-194.312021,2.131585,2.217437
-28.314178,-194.262302,2.131944,2.218156
-26.516484,-194.214753,2.132662,2.218874
-24.718033,-194.174284,2.133021,2.219592
-22.919072,-194.139999,2.133740,2.220311
-21.119849,-194.110711,2.134099,2.221029
-19.320612,-194.085231,2.134818,2.221748
-17.521610,-194.062373,2.135177,2.222466
-15.723090,-194.040948,2.135895,2.223185
-13.925299,-194.019770,2.136254,2.223903
-12.128486,-193.997651,2.136973,2.224621
-10.332873,-193.973493,2.137332,2.225340
-8.538381,-193.947209,2.138050,2.225699
-6.744742,-193.919356,2.138410,2.226417
-4.951686,-193.890497,2.138769,2.227136
-3.158942,-193.861199,2.139487,2.227854
-1.366238,-193.832029,2.139847,2.228573
0.426696,-193.803550,2.140565,2.229291
2.220131,-193.776329,2.140924,2.230010
4.014338,-193.750932,2.141643,2.230728
5.809588,-193.727924,2.142002,2.231447
7.606152,-193.707870,2.142720,2.232165
9.404300,-193.691337,2.143079,2.232883
11.204304,-193.678889,2.143798,2.233602
13.006435,-193.671092,2.150982,2.217078
14.810964,-193.668513,2.159244,2.199476
16.618161,-193.671716,2.167147,2.181516
18.428297,-193.681267,2.175050,2.163555
20.240905,-193.699936,2.183312,2.145953
22.036938,-193.785928,2.161759,2.121167
23.777840,-194.055661,2.054353,2.108236
25.424130,-194.628316,2.032800,2.231447
26.928970,-195.617635,2.117216,2.258747
28.065036,-197.004083,2.274912,2.368667
28.433957,-198.630781,2.375851,2.567672
28.013378,-200.352237,2.591380,2.793978
27.175957,-202.041261,2.782124,2.829540
26.226660,-203.609666,2.927247,2.847142
25.222303,-205.079779,2.921859,2.978255
24.175053,-206.493815,2.916830,3.109369
23.097075,-207.893987,2.945926,3.156067
21.998256,-209.316827,3.035012,3.056564
20.865905,-210.742563,3.072011,2.943412
19.674423,-212.119231,2.969994,2.811579
18.398059,-213.394492,2.703096,2.663583
17.011323,-214.516384,2.307959,2.507683
15.506757,-215.459233,2.124400,2.313707
13.906361,-216.240309,2.070877,2.183312
12.234852,-216.880843,2.098537,2.133740
10.516873,-217.402170,2.186185,2.080217
8.772091,-217.832487,2.185467,2.102847
7.012150,-218.211054,2.177205,2.131585
5.247964,-218.578139,2.168943,2.160322
3.490450,-218.974007,2.160322,2.189059
1.747663,-219.426693,2.152060,2.217796
0.013120,-219.902114,2.207379,2.183312
-1.724264,-220.346507,2.271679,2.139128
-3.475574,-220.706104,2.252999,2.195166
-5.251291,-220.929110,2.173613,2.349988
-7.049322,-221.004630,2.268805,2.363279
-8.855724,-220.960310,2.310474,2.417161
-10.656093,-220.825298,2.339570,2.443384
-12.436037,-220.628731,2.360405,2.386628
-14.189374,-220.392750,2.384832,2.341366
-15.932433,-220.120305,2.412491,2.308319
-17.685366,-219.811090,2.407103,2.325561
-19.468307,-219.464831,2.367230,2.394890
-21.288272,-219.104363,2.326998,2.464577
-23.116508,-218.815540,2.328075,2.439432
-24.918224,-218.694856,2.446976,2.386628
-26.658628,-218.838805,2.534265,2.393812
-28.304952,-219.332741,2.620477,2.462422
-29.843072,-220.159445,2.598565,2.537139
-31.268921,-221.246389,2.619399,2.424345
-32.578523,-222.520507,2.548275,2.485412
-33.768137,-223.909102,2.557255,2.565876
-34.847103,-225.360223,2.558692,2.666456
-35.844664,-226.853490,2.587070,2.676514
-36.791733,-228.371168,2.629816,2.685495
-37.719222,-229.895525,2.694116,2.693038
-38.655189,-231.411498,2.758056,2.700223
-39.614111,-232.916738,2.793260,2.714591
-40.606435,-234.412669,2.756620,2.745843
-41.642605,-235.900715,2.720339,2.777095
-42.716638,-237.386117,2.684058,2.807987
-43.744850,-238.892154,2.645263,2.823434
-44.620622,-240.447434,2.584555,2.635923
-45.237325,-242.080564,2.617962,2.405307
-45.490591,-243.815232,2.700941,2.439791
-45.317848,-245.583981,2.599283,2.495470
-44.697173,-247.242585,2.580245,2.447335
-43.677255,-248.710096,2.513431,2.546119
-42.367435,-249.963299,2.539653,2.524207
-40.862086,-250.959629,2.584555,2.538935
-39.213521,-251.604102,2.577371,2.524926
-37.467581,-251.867645,2.581682,2.558692
-35.669893,-251.901696,2.631613,2.590662
-33.862541,-251.871186,2.677592,2.617962
-32.059011,-251.830570,2.723572,2.644904
-30.258847,-251.780456,2.735426,2.646700
-28.461500,-251.721087,2.740814,2.643826
-26.666420,-251.652708,2.746561,2.640952
-24.873058,-251.575563,2.752309,2.638078
-23.080865,-251.489897,2.757697,2.634845
-21.289291,-251.395954,2.763445,2.631972
-19.497794,-251.293971,2.768833,2.629098
-17.706126,-251.183820,2.774580,2.626224
-15.914450,-251.064865,2.779969,2.622991
-14.122960,-250.936435,2.782842,2.622991
-12.331850,-250.797856,2.783201,2.625506
-10.541314,-250.648455,2.783561,2.627661
-8.751546,-250.487561,2.783920,2.630176
-6.962740,-250.314500,2.784279,2.632331
-5.175088,-250.128600,2.784638,2.634486
-3.388781,-249.929243,2.785357,2.637001
-1.603930,-249.716723,2.785716,2.639156
0.179416,-249.492070,2.786075,2.641671
1.961212,-249.256340,2.775658,2.652447
3.741411,-249.010588,2.759852,2.668253
5.519967,-248.755868,2.743688,2.684058
7.296833,-248.493234,2.727523,2.700223
9.071963,-248.223742,2.711358,2.716028
10.845312,-247.948447,2.700223,2.728960
12.617142,-247.668842,2.698786,2.737222
14.388436,-247.387447,2.697349,2.745484
16.160278,-247.106926,2.695912,2.753746
17.933756,-246.829945,2.694475,2.762008
19.709955,-246.559170,2.693038,2.770270
21.489962,-246.297266,2.691602,2.778532
23.274861,-246.046898,2.690165,2.786794
25.065740,-245.810733,2.652088,2.883423
26.863320,-245.592321,2.613293,2.981488
28.652955,-245.432689,2.574856,3.079554
30.398466,-245.428201,2.536420,3.177620
32.033017,-245.854597,2.622632,3.328850
33.518617,-246.827589,2.875161,3.551204
34.733637,-248.180246,3.127689,3.773199
35.388501,-249.790010,3.205639,3.783257
35.392654,-251.521931,3.162892,3.646396
34.955925,-253.256835,3.137029,3.516360
34.358303,-254.951904,3.172950,3.410392
33.676727,-256.612164,3.208872,3.304423
32.943142,-258.251028,3.244434,3.198455
32.189493,-259.881912,3.248026,3.141339
31.445889,-261.517455,3.226833,3.121942
30.720923,-263.161197,3.205639,3.102185
30.009213,-264.810772,3.184086,3.082428
29.305141,-266.463714,3.162892,3.063030
28.603107,-268.117562,3.141699,3.043273
27.899414,-269.770695,3.120505,3.023517
27.193905,-271.423040,3.099311,3.004119
26.486803,-273.074693,3.078117,2.984362
25.778336,-274.725752,3.056564,2.964605
25.068727,-276.376313,3.035371,2.945208
24.358203,-278.026472,3.014177,2.925451
23.646988,-279.676327,2.992983,2.905694
22.935309,-281.325974,2.971790,2.886296
22.223390,-282.975510,2.950596,2.866539
21.511456,-284.625032,2.929043,2.846783
20.799735,-286.274636,2.907849,2.827385
20.088450,-287.924419,2.886656,2.807628
19.377826,-289.574478,2.865462,2.787871
18.668091,-291.224909,2.844268,2.768474
17.959469,-292.875810,2.823074,2.748717
17.252184,-294.527277,2.801881,2.728960
16.546463,-296.179406,2.780328,2.709562
15.842510,-297.832285,2.759134,2.689805
15.140297,-299.485903,2.737940,2.670049
14.439644,-301.140183,2.716747,2.650651
13.740371,-302.795050,2.710640,2.656758
13.042300,-304.450426,2.705252,2.663942
12.345250,-306.106235,2.699863,2.671126
11.649041,-307.762400,2.694475,2.678670
10.953492,-309.418846,2.689446,2.685854
10.258424,-311.075495,2.684058,2.693398
9.563657,-312.732271,2.678670,2.700582
8.869010,-314.389097,2.673282,2.707766
8.174304,-316.045897,2.667893,2.715310
7.479359,-317.702593,2.662505,2.722494
6.783994,-319.359111,2.657476,2.730038
6.088030,-321.015373,2.652088,2.737222
5.391286,-322.671302,2.646700,2.744765
4.693584,-324.326822,2.641311,2.751950
3.994749,-325.981860,2.635923,2.759134
3.294801,-327.636423,2.642748,2.756979
2.593959,-329.290603,2.672563,2.736144
1.892451,-330.944497,2.702019,2.715669
1.190504,-332.598200,2.731834,2.694834
0.488349,-334.251809,2.761289,2.674359
-0.213788,-335.905420,2.790745,2.653525
-0.915678,-337.559128,2.820560,2.633049
-1.617092,-339.213030,2.809424,2.622273
-2.317803,-340.867222,2.788949,2.613652
-3.017582,-342.521801,2.768833,2.605031
-3.716202,-344.176861,2.748358,2.596409
-4.413433,-345.832500,2.727882,2.587788
-5.109047,-347.488814,2.707766,2.579167
-5.802817,-349.145897,2.687291,2.570546
-6.494513,-350.803847,2.667175,2.562284
-7.183908,-352.462761,2.646700,2.553663
-7.870775,-354.122732,2.626584,2.545042
-8.554975,-355.783818,2.606108,2.536420
-9.236524,-357.446007,2.585992,2.527799
-9.915456,-359.109280,2.565517,2.519178
-10.591801,-360.773618,2.545401,2.510916
-11.265593,-362.439003,2.524926,2.503373
-11.936862,-364.105415,2.506246,2.514508
-12.605641,-365.772836,2.487567,2.525644
-13.271962,-367.441247,2.468888,2.536780
-13.935858,-369.110629,2.450209,2.547915
-14.597359,-370.780964,2.431530,2.559051
-15.256499,-372.452233,2.412850,2.570187
-15.913309,-374.124416,2.401715,2.572342
-16.567820,-375.797495,2.429015,2.528877
-17.220066,-377.471453,2.456315,2.485053
-17.870078,-379.146268,2.483616,2.441588
-18.517889,-380.821923,2.510916,2.398122
-19.163530,-382.498400,2.538217,2.354298
-19.807029,-384.175681,2.565517,2.310833
-20.448399,-385.853762,2.564439,2.300775
-21.087651,-387.532635,2.558333,2.296824
-21.724796,-389.212298,2.552226,2.292872
-22.359847,-390.892744,2.545760,2.288921
-22.992812,-392.573968,2.539653,2.284970
-23.623704,-394.255966,2.533547,2.281018
-24.252533,-395.938733,2.527081,2.277067
-24.879311,-397.622263,2.520974,2.273115
-25.504048,-399.306552,2.514868,2.269164
-26.126757,-400.991594,2.508402,2.265213
-26.747446,-402.677385,2.502295,2.261261
-27.366128,-404.363919,2.496188,2.257310
-27.982814,-406.051192,2.489722,2.253359
-28.597515,-407.739198,2.483616,2.249407
-29.210241,-409.427933,2.477509,2.245456
-29.821004,-411.117392,2.471043,2.241505
-30.429801,-412.807573,2.464937,2.237553
-31.036557,-414.498499,2.458830,2.233602
-31.641173,-416.190199,2.452364,2.229650
-32.243548,-417.882702,2.446257,2.225699
-32.843586,-419.576038,2.440151,2.221748
-33.441185,-421.270237,2.433685,2.217796
-34.036248,-422.965328,2.427578,2.213845
-34.628673,-424.661339,2.421471,2.209894
-35.218364,-426.358301,2.416442,2.207020
-35.805219,-428.056243,2.416083,2.209175
-36.389140,-429.755195,2.416083,2.211330
-36.970029,-431.455185,2.415724,2.213127
-37.547785,-433.156244,2.415724,2.215282
-38.122309,-434.858399,2.415365,2.217437
-38.693502,-436.561683,2.415365,2.219592
-39.261266,-438.266122,2.415006,2.221388
-39.825500,-439.971747,2.415006,2.223544
-40.386151,-441.678573,2.414646,2.225699
-40.943610,-443.386468,2.414646,2.227495
-41.498521,-445.095218,2.414287,2.229650
-42.051529,-446.804608,2.414287,2.231806
-42.603281,-448.514423,2.413928,2.233602
-43.154424,-450.224450,2.413569,2.235757
-43.705603,-451.934472,2.413569,2.237912
-44.257464,-453.644274,2.413210,2.239708
-44.810646,-455.353645,2.413210,2.241864
-45.365243,-457.062548,2.412850,2.244019
-45.920464,-458.771227,2.412850,2.246174
-46.475444,-460.479953,2.412491,2.247970
-47.029313,-462.188996,2.412491,2.250126
-47.581207,-463.898627,2.412132,2.252281
-48.130257,-465.609117,2.412132,2.254077
-48.675595,-467.320737,2.411773,2.256232
-49.216353,-469.033756,2.411773,2.258388
-49.751696,-470.748436,2.409977,2.258388
-50.281418,-472.464843,2.407821,2.258388
-50.805910,-474.182859,2.405666,2.258388
-51.325587,-475.902356,2.403870,2.258388
-51.840863,-477.623209,2.401715,2.258388
-52.352153,-479.345292,2.399559,2.258388
-52.859869,-481.068480,2.397763,2.258747
-53.364428,-482.792646,2.395608,2.258747
-53.866242,-484.517665,2.393812,2.258747
-54.365728,-486.243410,2.391657,2.258747
-54.863298,-487.969756,2.389501,2.258747
-55.359368,-489.696577,2.387705,2.258747
-55.854351,-491.423747,2.385550,2.258747
-56.348662,-493.151139,2.383395,2.258747
-56.842716,-494.878629,2.381599,2.258747
-57.336925,-496.606089,2.379443,2.258747
-57.831706,-498.333395,2.377288,2.258747
-58.327467,-500.060422,2.375492,2.258747
-58.824331,-501.787128,2.373337,2.258747
-59.321972,-503.513601,2.371541,2.258747
-59.820023,-505.239942,2.369385,2.258747
-60.318121,-506.966248,2.367230,2.258747
-60.815900,-508.692621,2.367948,2.258747
-61.312994,-510.419158,2.369744,2.258388
-61.809039,-512.145960,2.371541,2.258028
-62.303668,-513.873127,2.373337,2.258028
-62.796518,-515.600758,2.375133,2.257669
-63.287222,-517.328951,2.376929,2.257310
-63.775416,-519.057808,2.378725,2.257310
-64.260734,-520.787426,2.380521,2.256951
-64.742811,-522.517907,2.382317,2.256592
-65.221282,-524.249348,2.384113,2.256592
-65.695781,-525.981849,2.385909,2.256232
-66.165944,-527.715511,2.387705,2.255873
-66.631405,-529.450432,2.389142,2.255873
-67.091854,-531.186698,2.390938,2.255514
-67.547482,-532.924261,2.392734,2.255155
-67.998746,-534.663008,2.394530,2.255155
-68.446105,-536.402818,2.395967,2.255873
-68.890018,-538.143578,2.397763,2.256592
-69.330944,-539.885169,2.399200,2.257310
-69.769343,-541.627476,2.400637,2.258028
-70.205673,-543.370382,2.402074,2.258747
-70.640390,-545.113769,2.403870,2.259465
-71.073817,-546.857548,2.405307,2.260543
-71.506069,-548.601669,2.406744,2.261261
-71.937245,-550.346083,2.408181,2.261980
-72.367443,-552.090742,2.409617,2.262698
-72.796763,-553.835598,2.411413,2.263417
-73.225303,-555.580605,2.412850,2.264494
-73.653163,-557.325714,2.414287,2.265213
-74.080442,-559.070878,2.415724,2.265931
-74.507228,-560.816051,2.417161,2.266650
-74.933443,-562.561250,2.418957,2.267368
-75.358857,-564.306541,2.420394,2.268446
-75.783234,-566.051995,2.421831,2.269164
-76.206341,-567.797681,2.423268,2.269883
-76.627942,-569.543669,2.424704,2.270601
-77.047803,-571.290029,2.426501,2.271319
-77.465688,-573.036830,2.427937,2.272038
-77.881363,-574.784142,2.429374,2.273115
-78.294593,-576.532035,2.430811,2.273834
-78.705143,-578.280577,2.432248,2.274552
-79.112779,-580.029841,2.432248,2.275630
-79.517265,-581.779893,2.429374,2.277067
-79.918366,-583.530805,2.426141,2.278863
-80.315849,-585.282646,2.423268,2.280300
-80.709479,-587.035486,2.420035,2.282096
-81.099018,-588.789395,2.416802,2.283533
-81.484240,-590.544440,2.413928,2.285329
-81.865186,-592.300607,2.410695,2.286766
-82.242295,-594.057762,2.407821,2.288203
-82.616039,-595.815760,2.404588,2.289999
-82.986891,-597.574457,2.401355,2.291435
-83.355320,-599.333708,2.398482,2.293232
-83.721800,-601.093370,2.395249,2.294668
-84.086800,-602.853297,2.392375,2.296465
-84.450793,-604.613347,2.389142,2.297901
-84.814251,-606.373373,2.385909,2.299338
-85.177644,-608.133232,2.383035,2.301134
-85.541445,-609.892780,2.389142,2.314066
-85.906124,-611.651872,2.398122,2.329872
-86.272153,-613.410365,2.407103,2.346036
-86.640003,-615.168112,2.416083,2.362201
-87.010148,-616.924971,2.425064,2.378006
-87.383056,-618.680797,2.434044,2.394171
-87.759199,-620.435446,2.443024,2.410336
-88.138306,-622.189047,2.452005,2.426501
-88.518276,-623.942401,2.460985,2.442306
-88.896727,-625.696412,2.469966,2.458471
-89.271279,-627.451983,2.478946,2.474635
-89.639552,-629.210020,2.487926,2.490441
-89.999165,-630.971426,2.496907,2.506606
-90.347737,-632.737104,2.505887,2.522770
-90.682888,-634.507959,2.517023,2.540731
-91.003840,-636.284308,2.563002,2.596409
-91.322997,-638.061644,2.608982,2.651729
-91.659251,-639.833086,2.654962,2.707048
-92.031535,-641.591737,2.700941,2.762367
-92.458780,-643.330699,2.746921,2.818045
-92.959923,-645.043077,2.775299,2.907490
-93.553896,-646.721972,2.775658,3.051895
-94.259634,-648.360489,2.868695,3.049739
-95.096069,-649.951729,2.860792,3.008430
-96.105801,-651.439073,2.799366,2.956703
-97.434054,-652.550267,3.087816,2.944130
-99.165950,-653.023270,3.248026,3.177979
-101.022180,-652.880613,3.616581,3.628076
-102.685953,-652.220596,4.232995,4.395001
-104.071308,-651.149811,4.395720,4.625258
-105.175514,-649.780039,4.469000,4.664413
-106.094663,-648.235409,4.430564,4.273946
-106.944913,-646.638273,4.191326,4.174084
-107.774615,-645.039511,4.026805,4.077096
-108.580538,-643.435628,3.878809,3.980826
-109.358157,-641.821768,3.731171,3.884556
-110.102966,-640.193089,3.609397,3.793675
-110.814086,-638.547355,3.543661,3.715006
-111.498574,-636.888036,3.477565,3.636338
-112.164535,-635.219360,3.411829,3.557670
-112.820079,-633.545551,3.345733,3.479002
-113.472599,-631.870462,3.279996,3.399974
-114.124384,-630.195274,3.213901,3.321306
-114.775492,-628.519995,3.148164,3.242638
-115.425970,-626.844632,3.082069,3.163970
-116.075865,-625.169190,3.016332,3.085302
-116.725224,-623.493673,2.950237,3.006274
-117.374095,-621.818087,2.884500,2.927606
-118.022525,-620.142438,2.841394,2.875520
-118.670562,-618.466730,2.830259,2.860792
-119.318253,-616.790970,2.819482,2.846064
-119.965645,-615.115161,2.808706,2.831696
-120.612786,-613.439311,2.797929,2.816968
-121.259723,-611.763422,2.786794,2.802240
-121.906503,-610.087503,2.776017,2.787512
-122.553174,-608.411556,2.765241,2.772784
-123.199784,-606.735588,2.754464,2.758056
-123.846379,-605.059604,2.743329,2.743329
-124.493005,-603.383609,2.732552,2.728601
-125.139676,-601.707603,2.721776,2.714232
-125.786382,-600.031586,2.710999,2.699504
-126.433115,-598.355554,2.699863,2.684776
-127.079865,-596.679505,2.689087,2.670049
-127.726622,-595.003438,2.678311,2.655321
-128.373378,-593.327349,2.667534,2.640593
-129.020122,-591.651238,2.656398,2.625865
-129.666846,-589.975101,2.645622,2.611137
-130.313540,-588.298937,2.634845,2.596769
-130.960194,-586.622743,2.624069,2.582041
-131.606798,-584.946518,2.612933,2.567313
-132.253344,-583.270259,2.602157,2.552585
-132.899823,-581.593964,2.591380,2.537857
-133.546224,-579.917631,2.580604,2.523129
-134.192539,-578.241257,2.569827,2.508402
-134.838757,-576.564841,2.558692,2.494033
-135.484870,-574.888380,2.547915,2.479305
-136.130867,-573.211873,2.537139,2.464577
-136.776740,-571.535316,2.526362,2.449850
-137.422479,-569.858708,2.515227,2.435122
-138.068075,-568.182047,2.504450,2.420394
-138.713518,-566.505331,2.493674,2.405666
-139.358799,-564.828557,2.482897,2.390938
-140.003908,-563.151723,2.471762,2.376570
-140.648836,-561.474828,2.460985,2.361842
-141.293573,-559.797868,2.450209,2.347114
-141.938111,-558.120842,2.439432,2.332386
-142.582439,-556.443748,2.428297,2.317658
-143.226549,-554.766583,2.417520,2.302930
-143.870430,-553.089346,2.406744,2.288203
-144.514073,-551.412033,2.395967,2.273834
-145.157470,-549.734644,2.384832,2.259106
-145.800609,-548.057175,2.374055,2.244378
-146.443483,-546.379625,2.363279,2.229650
-147.086184,-544.702030,2.352502,2.214923
-147.729485,-543.024678,2.341366,2.200195
-148.374439,-541.347961,2.330590,2.185467
-149.022096,-539.672271,2.319814,2.170739
-149.673511,-537.998000,2.309037,2.156370
-150.329734,-536.325540,2.297901,2.141643
-150.991818,-534.655284,2.287125,2.126915
-151.660816,-532.987624,2.276348,2.112187
-152.337368,-531.322808,2.265572,2.097459
-153.009131,-529.656580,2.216359,2.132662
-153.648459,-527.979367,2.136254,2.209175
-154.226827,-526.281298,2.055790,2.285329
-154.715710,-524.552494,2.110391,2.170380
-155.066812,-522.790569,2.060101,2.189778
-155.161851,-521.019638,2.091712,2.159603
-154.922880,-519.262915,2.184030,2.098178
-154.466735,-517.520012,2.184030,2.154934
-153.945528,-515.785608,2.128711,2.203787
-153.421572,-514.057004,2.150264,2.194807
-152.896122,-512.333284,2.172176,2.186185
-152.369266,-510.613568,2.182593,2.180797
-151.841089,-508.896973,2.184030,2.179001
-151.311678,-507.182618,2.185467,2.176846
-150.781121,-505.469624,2.186904,2.174690
-150.249503,-503.757107,2.188700,2.172535
-149.716912,-502.044189,2.190137,2.170380
-149.183509,-500.330306,2.191574,2.168225
-148.649593,-498.615506,2.193010,2.166069
-148.115484,-496.899901,2.194447,2.163914
-147.581498,-495.183608,2.196243,2.161759
-147.047951,-493.466744,2.197680,2.159603
-146.515162,-491.749423,2.199117,2.157448
-145.983448,-490.031761,2.200554,2.155293
-145.453127,-488.313874,2.202350,2.153138
-144.924495,-486.595879,2.203787,2.150982
-144.397287,-484.877941,2.205224,2.148827
-143.870602,-483.160279,2.206661,2.146672
-143.343506,-481.443118,2.208457,2.144516
-142.815065,-479.726679,2.209894,2.142361
-142.284344,-478.011183,2.211330,2.140206
-141.750410,-476.296856,2.212767,2.138050
-141.212327,-474.583918,2.214204,2.135895
-140.669162,-472.872592,2.216000,2.133740
-140.122142,-471.162338,2.217437,2.131585
-139.579732,-469.450062,2.218874,2.129429
-139.051918,-467.732135,2.220311,2.127274
-138.548684,-466.004927,2.222107,2.125119
-138.077186,-464.265933,2.215641,2.128352
-137.611017,-462.526000,2.173613,2.154934
-137.101791,-460.804724,2.131585,2.181516
-136.500737,-459.121848,2.101411,2.164632
-135.759195,-457.497197,2.039625,2.191933
-134.840164,-455.959039,2.075188,2.103207
-133.728500,-454.551471,2.096381,1.978200
-132.418423,-453.324570,2.019150,2.173613
-130.917271,-452.336270,2.034596,2.040703
-129.256539,-451.644631,2.053276,2.056868
-127.509326,-451.305425,1.976044,2.136254
-125.731141,-451.279015,1.995801,1.978918
-123.937107,-451.351487,2.102847,1.964549
-122.138446,-451.316833,2.110750,2.029927
-120.348771,-451.123235,2.029927,2.214563
-118.582559,-450.774481,2.122963,2.105721
-116.854287,-450.274434,2.146672,2.096022
-115.178433,-449.626955,2.103207,2.083091
-113.569476,-448.835907,2.142720,2.060460
-112.041890,-447.905151,2.235039,2.027771
-110.610155,-446.838551,2.134458,2.034956
-109.288746,-445.639970,2.053635,2.126556
-108.087202,-444.316818,2.064771,2.138410
-106.999718,-442.887528,2.119371,2.115061
-106.017510,-441.372672,2.198039,2.076265
-105.131801,-439.792819,2.191574,2.063334
-104.340723,-438.164926,2.161040,2.078061
-103.663696,-436.494813,2.151701,2.125837
-103.124220,-434.786168,2.136254,2.156730
-102.745799,-433.042679,2.122245,2.155652
-102.550396,-431.268999,2.129429,2.050761
-102.543569,-429.480070,2.181516,2.086683
-102.720956,-427.697059,2.245097,2.074829
-103.078057,-425.941221,2.291076,2.035674
-103.610158,-424.233631,2.135536,2.142720
-104.295105,-422.580912,2.079139,2.138410
-105.080671,-420.964768,2.047887,2.115061
-105.911651,-419.364427,2.004063,2.153497
-106.732839,-417.759126,2.061178,2.124041
-107.496365,-416.130929,2.172894,2.057227
-108.194494,-414.477406,2.182593,2.102488
-108.833151,-412.801405,2.180797,2.152060
-109.418271,-411.105777,2.153856,2.199476
-109.955789,-409.393373,2.127274,2.246893
-110.451639,-407.667044,2.100333,2.294309
-110.911759,-405.929642,2.117575,2.280659
-111.342082,-404.184018,2.142720,2.255155
-111.748334,-402.432956,2.185826,2.208457
-112.131410,-400.677739,2.245097,2.143439
-112.487385,-398.918148,2.304008,2.078061
-112.812125,-397.153898,2.211330,2.175409
-113.101495,-395.384703,2.111828,2.279941
-113.348687,-393.610276,2.012684,2.384472
-113.539025,-391.830326,2.066567,2.324124
-113.656387,-390.044558,2.120090,2.264135
-113.684653,-388.252680,2.173972,2.204146
-113.607666,-386.455077,2.169302,2.172535
-113.408896,-384.659020,2.099255,2.149545
-113.063910,-382.882042,2.010170,2.073032
-112.471077,-381.204726,2.038548,2.120449
-111.504604,-379.732051,2.172894,2.008733
-110.241986,-378.449722,1.999034,2.164273
-108.866840,-377.277770,2.066207,2.143439
-107.457089,-376.165746,2.189778,2.107876
-106.030291,-375.080461,2.188341,2.128711
-104.597363,-374.000911,2.173972,2.154934
-103.159612,-372.925430,2.159244,2.181516
-101.717474,-371.854102,2.144516,2.208097
-100.271384,-370.787014,2.129789,2.234679
-98.821779,-369.724252,2.115420,2.261261
-97.369092,-368.665900,2.110750,2.271679
-95.913761,-367.612046,2.131225,2.242223
-94.456219,-366.562774,2.151701,2.213127
-92.996827,-365.518213,2.172176,2.183671
-91.534351,-364.479390,2.193010,2.154574
-90.066062,-363.448175,2.213486,2.125119
-88.589169,-362.426471,2.233961,2.096022
-87.101345,-361.415668,2.236835,2.093149
-85.609718,-360.406626,2.222466,2.116857
-84.130289,-359.380326,2.208097,2.140565
-82.679396,-358.317368,2.193729,2.164273
-81.273379,-357.198362,2.179360,2.188341
-79.925766,-356.009370,2.200554,2.171458
-78.642368,-354.751435,2.290717,2.076625
-77.427685,-353.428156,2.353221,2.102847
-76.286213,-352.043132,2.233961,2.119012
-75.222451,-350.599960,2.163196,2.069081
-74.240897,-349.102238,2.135895,1.986821
-73.346048,-347.553564,2.081654,1.955569
-72.542402,-345.957536,1.966705,2.030286
-71.834394,-344.317764,1.959880,2.066567
-71.222659,-342.638536,2.010170,2.097100
-70.701926,-340.925203,2.116498,2.122604
-70.266416,-339.183201,2.192292,2.123323
-69.910350,-337.417970,2.255873,2.113983
-69.627949,-335.634950,2.236476,2.168943
-69.413432,-333.839579,2.193370,2.242582
-69.261021,-332.037296,2.212767,2.234679
-69.164937,-330.233540,2.294668,2.146312
-69.120698,-328.433153,2.285688,2.136614
-69.130087,-326.638099,2.198399,2.194447
-69.196772,-324.849473,2.162118,2.214204
-69.324424,-323.068371,2.133740,2.227854
-69.516709,-321.295889,2.238631,2.180797
-69.777298,-319.533122,2.343881,2.133381
-70.109859,-317.781168,2.306882,2.164992
-70.518061,-316.041122,2.255514,2.203068
-71.005570,-314.314081,2.240427,2.198758
-71.574988,-312.602822,2.225340,2.194447
-72.226109,-310.914515,2.194807,2.192292
-72.958276,-309.257045,2.161399,2.190496
-73.770830,-307.638297,2.176846,2.168943
-74.663113,-306.066154,2.228214,2.133740
-75.634468,-304.548504,2.243301,2.099255
-76.684237,-303.093229,2.238631,2.065130
-77.811760,-301.708215,2.195884,2.113624
-79.015697,-300.399955,2.143798,2.181875
-80.288735,-299.162786,2.209534,2.191214
-81.620470,-297.984758,2.284251,2.196243
-83.000476,-296.853868,2.301134,2.201272
-84.418323,-295.758114,2.274912,2.206301
-85.863586,-294.685494,2.248689,2.211690
-87.325835,-293.624005,2.220311,2.194447
-88.794643,-292.561645,2.190496,2.164632
-90.259582,-291.486413,2.160681,2.134818
-91.708715,-290.386383,2.105362,2.144157
-93.123149,-289.249998,2.042140,2.165710
-94.481989,-288.065803,2.031363,2.138769
-95.764342,-286.822346,2.049324,2.106440
-96.949311,-285.508172,2.092789,2.098178
-98.016002,-284.111827,2.074469,2.156370
-98.943521,-282.621859,2.052198,2.201272
-99.710973,-281.026812,2.074110,2.138769
-100.300712,-279.317574,2.105721,2.130866
-100.752361,-277.526285,2.137691,2.120090
-101.149485,-275.718436,2.159603,2.112546
-101.488925,-273.926850,2.084168,2.166788
-101.692353,-272.155515,2.068003,2.178642
-101.711452,-270.403756,2.096741,2.161759
-101.578267,-268.661613,2.124760,2.175409
-101.337078,-266.917712,2.154934,2.192651
-101.032165,-265.160678,2.189059,2.214923
-100.706102,-263.380597,2.223185,2.237553
-100.387336,-261.579617,2.224981,2.223544
-100.097348,-259.765840,2.214563,2.195884
-99.857568,-257.947409,2.204865,2.168943
-99.689428,-256.132465,2.208457,2.160681
-99.614360,-254.329151,2.213127,2.150264
-99.653795,-252.545610,2.249407,2.049324
-99.829164,-250.789984,2.266290,1.995801
-100.161560,-249.070335,2.198399,2.148468
-100.656357,-247.390929,2.156730,2.243301
-101.296861,-245.750713,2.189778,2.173972
-102.064727,-244.148230,2.231447,2.093149
-102.941612,-242.582028,2.283892,1.997956
-103.909172,-241.050650,2.227854,2.052557
-104.949060,-239.552644,2.153497,2.130866
-106.042933,-238.086553,2.097100,2.163196
-107.172447,-236.650925,2.061178,2.163914
-108.319569,-235.244010,2.076265,2.089916
-109.471421,-233.859222,2.053994,2.068363
-110.619342,-232.486008,2.010529,2.077343
-111.754799,-231.113702,2.027771,2.082013
-112.869256,-229.731636,2.068722,2.084887
-113.954176,-228.329143,2.084527,2.105721
-115.001027,-226.895555,2.084527,2.138050
-116.001271,-225.420205,2.081654,2.155293
-116.946363,-223.892443,2.076265,2.159603
-117.824643,-222.306752,2.155293,2.100333
-118.617122,-220.669691,2.181516,2.097100
-119.303756,-218.989559,2.102847,2.201632
-119.864502,-217.274655,2.107158,2.214204
-120.283497,-215.533044,2.161040,2.171458
-120.577410,-213.770985,2.116498,2.186185
-120.778141,-211.993886,2.069440,2.201632
-120.917679,-210.207152,2.022742,2.217437
-121.027716,-208.416137,2.020228,2.218874
-121.127273,-206.624034,2.069081,2.203787
-121.218338,-204.831123,2.118294,2.188341
-121.301693,-203.037485,2.164273,2.173972
-121.378124,-201.243196,2.166788,2.172894
-121.448414,-199.448335,2.169302,2.171817
-121.513349,-197.652979,2.171817,2.170380
-121.573713,-195.857206,2.174331,2.169302
-121.630290,-194.061096,2.176846,2.168225
-121.683864,-192.264724,2.179360,2.167147
-121.735221,-190.468170,2.181875,2.165710
-121.785144,-188.671512,2.184030,2.164632
-121.834418,-186.874827,2.186545,2.163555
-121.883828,-185.078193,2.189059,2.162477
-121.934158,-183.281689,2.191574,2.161040
-121.986192,-181.485391,2.194088,2.159963
-122.040715,-179.689379,2.196603,2.158885
-122.098509,-177.893730,2.199117,2.157807
-122.159911,-176.098471,2.201632,2.156370
-122.224249,-174.303513,2.204146,2.155293
-122.290709,-172.508754,2.206661,2.154215
-122.358480,-170.714088,2.209175,2.153138
-122.426751,-168.919413,2.211690,2.151701
-122.494708,-167.124623,2.214204,2.150623
-122.561540,-165.329616,2.216719,2.149545
-122.626436,-163.534286,2.219233,2.148468
-122.689005,-161.738568,2.215282,2.154215
-122.752003,-159.942670,2.200195,2.171098
-122.819599,-158.146925,2.185108,2.187981
-122.895967,-156.351665,2.170021,2.204865
-122.985283,-154.557225,2.157089,2.218515
-123.091723,-152.763937,2.177923,2.185467
-123.219462,-150.972135,2.198758,2.152778
-123.372675,-149.182152,2.172176,2.155293
-123.555538,-147.394322,2.129789,2.169661
-123.775031,-145.610223,2.189418,2.105003
-124.049261,-143.836374,2.279941,2.015558
-124.399090,-142.080518,2.187263,2.124041
-124.845381,-140.350397,2.129429,2.193010
-125.407606,-138.653474,2.195525,2.124400
-126.084885,-136.993082,2.175768,2.107517
-126.860919,-135.369432,2.084887,2.132662
-127.719027,-133.782656,2.115420,2.111828
-128.642552,-132.232888,2.157089,2.093508
-129.619622,-130.720779,2.144516,2.133021
-130.648755,-129.248092,2.149545,2.134099
-131.729833,-127.816740,2.172894,2.094226
-132.862737,-126.428635,2.167147,2.093867
-134.047348,-125.085689,2.152060,2.106080
-135.283549,-123.789813,2.164273,2.099974
-136.571220,-122.542921,2.167865,2.101051
-137.910244,-121.346923,2.147031,2.123682
-139.300485,-120.203836,2.131944,2.127992
-140.741274,-119.119399,2.120808,2.119012
-142.231268,-118.103999,2.105003,2.118294
-143.769082,-117.168319,2.109672,2.122963
-145.353281,-116.322864,2.163555,2.140206
-146.980671,-115.571919,2.190855,2.083091
-148.645870,-114.912045,2.186545,2.052916
-150.343359,-114.339321,2.148827,2.059382
-152.067623,-113.849827,2.130148,2.104643
-153.813092,-113.436581,2.125478,2.143439
-155.574015,-113.081057,2.155652,2.159963
-157.344594,-112.762013,2.185826,2.176487
-159.119032,-112.458208,2.216359,2.192651
-160.891807,-112.149412,2.235039,2.211330
-162.661179,-111.829321,2.251563,2.229650
-164.428158,-111.501742,2.268086,2.248330
-166.193811,-111.170713,2.284970,2.267009
-167.959207,-110.840261,2.301494,2.285688
-169.725077,-110.513056,2.318377,2.304367
-171.491446,-110.188929,2.334901,2.323046
-173.258254,-109.867359,2.351784,2.341726
-175.025438,-109.547825,2.368308,2.360405
-176.792938,-109.229804,2.384832,2.379084
-178.560691,-108.912775,2.401715,2.397763
-180.328635,-108.596216,2.418239,2.416442
-182.096709,-108.279604,2.435122,2.435122
-183.864852,-107.962418,2.451646,2.453801
-185.633002,-107.644137,2.468169,2.472480
-187.401097,-107.324237,2.485053,2.491159
-189.169076,-107.002198,2.501577,2.509838
-190.936876,-106.677498,2.518460,2.528518
-192.704438,-106.349614,2.534984,2.547197
-194.471697,-106.018024,2.551148,2.567672
-196.238594,-105.682208,2.563362,2.595332
-198.005066,-105.341643,2.575934,2.622991
-199.770403,-104.995575,2.588147,2.651010
-201.531533,-104.642412,2.602875,2.679388
-203.284851,-104.280367,2.702737,2.728601
-205.026751,-103.907657,2.802240,2.777813
-206.761882,-103.517332,2.902102,2.827026
-208.524726,-103.083781,2.920422,3.020643
-210.293015,-102.538904,2.960295,3.135592
-211.815806,-101.676741,3.675852,3.212823
-212.803230,-100.288284,3.766733,4.073503
-213.128543,-98.528577,3.958195,4.101522
-212.790523,-96.787377,4.327828,4.451757
-211.928624,-95.217705,4.656151,4.752421
-210.773727,-93.811531,4.800915,4.885690
-209.491301,-92.550853,4.849050,4.980163
-208.119988,-91.404300,4.878505,5.040152
-206.684320,-90.339017,4.833963,4.958970
-205.208831,-89.322149,4.789061,4.877787
-203.715966,-88.323808,4.744159,4.796963
-202.215509,-87.332113,4.653996,4.694946
-200.712492,-86.341930,4.488757,4.558444
-199.211941,-85.348143,4.323877,4.421942
-197.713576,-84.354727,4.158638,4.285441
-196.185132,-83.420519,3.993758,4.148579
-194.590862,-82.609426,3.879168,4.021417
-192.945804,-81.892823,3.790801,3.899284
-191.283317,-81.208738,3.702793,3.776791
-189.621126,-80.524230,3.614785,3.654658
-187.959947,-79.837956,3.526418,3.532525
-186.299641,-79.150159,3.489778,3.483312
-184.640066,-78.461085,3.482235,3.476847
-182.981085,-77.770977,3.474691,3.470021
-181.322556,-77.080078,3.467148,3.463196
-179.664342,-76.388634,3.459604,3.456371
-178.006302,-75.696887,3.452420,3.449546
-176.348304,-75.005070,3.444876,3.442721
-174.690295,-74.313274,3.437333,3.435896
-173.032276,-73.621498,3.429789,3.429430
-171.374246,-72.929743,3.422246,3.422605
-169.716206,-72.238008,3.415061,3.415780
-168.058157,-71.546292,3.407518,3.408955
-166.400098,-70.854595,3.399974,3.402130
-164.742029,-70.162917,3.392431,3.395305
-163.083951,-69.471256,3.384887,3.388480
-161.425864,-68.779613,3.377344,3.381654
-159.767769,-68.087987,3.370160,3.375189
-158.109664,-67.396377,3.362616,3.368363
-156.451552,-66.704783,3.355072,3.361538
-154.793432,-66.013205,3.347529,3.354713
-153.135304,-65.321641,3.339985,3.347888
-151.477169,-64.630092,3.332442,3.341063
-149.819027,-63.938556,3.325258,3.334238
-148.160877,-63.247034,3.317714,3.327413
-146.502721,-62.555525,3.310171,3.320947
-144.844558,-61.864028,3.302627,3.314122
-143.186389,-61.172542,3.295084,3.307297
-141.528215,-60.481068,3.287540,3.300472
-139.870034,-59.789604,3.280356,3.293647
-138.211848,-59.098151,3.272812,3.286822
-136.553657,-58.406707,3.265269,3.279996
-134.895460,-57.715273,3.257725,3.273171
-133.237260,-57.023847,3.250182,3.266705
-131.579054,-56.332429,3.242638,3.259880
-129.920845,-55.641019,3.235454,3.253055
-128.262631,-54.949616,3.227910,3.246230
-126.604414,-54.258220,3.220367,3.239405
-124.946193,-53.566830,3.212823,3.232580
-123.287969,-52.875445,3.205280,3.225755
-121.629742,-52.184065,3.197736,3.219289
-119.971511,-51.492690,3.190552,3.212464
-118.313279,-50.801319,3.183008,3.205639
-116.655045,-50.109951,3.175465,3.198814
-114.996808,-49.418587,3.167921,3.191989
-113.338569,-48.727224,3.160378,3.185164
-111.680329,-48.035864,3.152834,3.178338
-110.022088,-47.344505,3.145650,3.171513
-108.363846,-46.653147,3.138106,3.165048
-106.705603,-45.961790,3.130563,3.158222
-105.047359,-45.270433,3.123019,3.151397
-103.389116,-44.579075,3.115476,3.144572
-101.730872,-43.887715,3.107932,3.137747
-100.072628,-43.196354,3.100748,3.130922
-98.414385,-42.504991,3.093204,3.124097
-96.756143,-41.813625,3.085661,3.117272
-95.097901,-41.122256,3.078117,3.110806
-93.439661,-40.430884,3.070574,3.103981
-91.781422,-39.739506,3.063390,3.097156
-90.123185,-39.048125,3.055846,3.090331
-88.464950,-38.356738,3.048302,3.083506
-86.806717,-37.665345,3.040759,3.076681
-85.148486,-36.973946,3.033215,3.069855
-83.490258,-36.282540,3.025672,3.063030
-81.832033,-35.591127,3.018488,3.056564
-80.173811,-34.899706,3.010944,3.049739
-78.515593,-34.208277,3.003401,3.042914
-76.857378,-33.516838,2.995857,3.036089
-75.199168,-32.825391,2.988314,3.029264
-73.540961,-32.133934,2.980770,3.022439
-71.882759,-31.442465,2.973586,3.015614
-70.224561,-30.750987,2.966042,3.009148
-68.566369,-30.059496,2.958499,3.002323
-66.908181,-29.367994,2.950955,2.995498
-65.249999,-28.676479,2.943412,2.988673
-63.591823,-27.984952,2.935868,2.981848
-61.933652,-27.293411,2.928684,2.975023
-60.275487,-26.601858,2.921140,2.968197
-58.617327,-25.910295,2.913597,2.961372
-56.959170,-25.218723,2.906053,2.954906
-55.301017,-24.527144,2.898510,2.948081
-53.642867,-23.835561,2.890966,2.941256
-51.984718,-23.143974,2.883782,2.934431
-50.326571,-22.452385,2.876238,2.927606
-48.668425,-21.760797,2.868695,2.920781
-47.010279,-21.069210,2.861151,2.913956
-45.352133,-20.377627,2.853608,2.907131
-43.693985,-19.686050,2.846064,2.900665
-42.035836,-18.994479,2.838880,2.893840
-40.377684,-18.302917,2.831336,2.887015
-38.719528,-17.611366,2.823793,2.880190
-37.061370,-16.919827,2.816249,2.873365
-35.403206,-16.228302,2.808706,2.866539
-33.745038,-15.536792,2.801162,2.859714
-32.086864,-14.845301,2.793978,2.852889
-30.428683,-14.153828,2.786434,2.846423
-28.770496,-13.462376,2.778891,2.839598
-27.112301,-12.770946,2.771347,2.832773
-25.454098,-12.079542,2.763804,2.825948
-23.795885,-11.388163,2.756260,2.819123
-22.137663,-10.696812,2.749076,2.812298
-20.479431,-10.005490,2.741532,2.805473
-18.821187,-9.314200,2.733989,2.799007
-17.162932,-8.622943,2.726445,2.792182
-15.504665,-7.931720,2.718902,2.785357
-13.846385,-7.240535,2.711718,2.778532
-12.188092,-6.549387,2.704174,2.771707
-10.529784,-5.858279,2.696631,2.764881
-8.871461,-5.167213,2.689087,2.758056
-7.213123,-4.476190,2.681543,2.751231
-5.554769,-3.785212,2.674000,2.744765
-3.896403,-3.094266,2.666816,2.737940
-2.238033,-2.403329,2.659272,2.731115
-0.579666,-1.712375,2.651729,2.724290
1.078689,-1.021381,2.644185,2.717465
