-4.742502,1.519211,2.541617,2.659263
-6.668491,1.269369,2.542782,2.654992
-8.594565,1.020071,2.543559,2.650721
-10.520723,0.771304,2.544724,2.646450
-12.446962,0.523056,2.545500,2.641791
-14.373278,0.275314,2.546665,2.637520
-16.299670,0.028063,2.547442,2.633249
-18.226133,-0.218708,2.548218,2.628978
-20.152666,-0.465012,2.549383,2.624707
-22.079266,-0.710862,2.550159,2.620048
-24.005930,-0.956271,2.551324,2.615777
-25.932656,-1.201252,2.552101,2.611506
-27.859440,-1.445819,2.553266,2.607235
-29.786280,-1.689983,2.554042,2.602576
-31.713173,-1.933758,2.554819,2.598305
-33.640116,-2.177157,2.555983,2.594034
-35.567108,-2.420192,2.556760,2.589763
-37.494144,-2.662877,2.557925,2.585492
-39.421223,-2.905225,2.558701,2.580833
-41.348341,-3.147247,2.559866,2.576562
-43.275496,-3.388959,2.560643,2.572291
-45.202685,-3.630371,2.561419,2.568020
-47.129905,-3.871498,2.563361,2.563361
-49.057154,-4.112351,2.566855,2.558313
-50.984429,-4.352945,2.570349,2.553266
-52.911727,-4.593291,2.574232,2.548218
-54.839046,-4.833403,2.577727,2.543559
-56.766382,-5.073294,2.581609,2.538511
-58.693733,-5.312977,2.585104,2.533464
-60.621096,-5.552464,2.588986,2.528416
-62.548469,-5.791769,2.592481,2.523369
-64.475849,-6.030904,2.595975,2.518321
-66.403232,-6.269882,2.599858,2.513274
-68.330617,-6.508717,2.603352,2.508226
-70.258001,-6.747420,2.607235,2.503179
-72.185381,-6.986006,2.610730,2.498131
-74.112753,-7.224487,2.614224,2.493472
-76.040116,-7.462875,2.618107,2.488424
-77.967467,-7.701185,2.621601,2.483377
-79.894803,-7.939428,2.625484,2.478329
-81.822120,-8.177618,2.628978,2.473282
-83.749418,-8.415767,2.632473,2.468234
-85.676692,-8.653889,2.636355,2.463187
-87.603940,-8.891996,2.639850,2.458139
-89.531160,-9.130102,2.643733,2.453092
-91.458347,-9.368219,2.647227,2.448433
-93.385501,-9.606360,2.651110,2.443385
-95.312618,-9.844537,2.654604,2.438338
-97.239696,-10.082765,2.658099,2.433290
-99.166731,-10.321056,2.661981,2.428243
-101.093721,-10.559423,2.665476,2.423195
-103.020663,-10.797878,2.669358,2.418148
-104.947555,-11.036435,2.672853,2.413100
-106.874393,-11.275107,2.676347,2.408052
-108.801175,-11.513906,2.680230,2.403005
-110.727899,-11.752845,2.683724,2.398346
-112.654561,-11.991938,2.687607,2.393298
-114.581174,-12.231186,2.691102,2.388251
-116.507792,-12.470559,2.694596,2.383203
-118.434476,-12.710022,2.698479,2.378156
-120.361289,-12.949541,2.701973,2.373108
-122.288292,-13.189080,2.705856,2.368061
-124.215546,-13.428603,2.709350,2.363013
-126.143114,-13.668076,2.713233,2.357966
-128.071056,-13.907463,2.716727,2.352918
-129.999435,-14.146730,2.720222,2.348259
-131.928312,-14.385841,2.724105,2.343211
-133.857749,-14.624761,2.727599,2.338164
-135.787807,-14.863454,2.731482,2.333116
-137.718549,-15.101886,2.734976,2.328069
-139.650035,-15.340022,2.738471,2.323021
-141.582327,-15.577826,2.742353,2.317974
-143.515487,-15.815263,2.745848,2.312926
-145.449577,-16.052298,2.749730,2.307879
-147.383630,-16.291168,2.753225,2.303219
-149.295424,-16.581034,2.756719,2.298172
-151.142752,-17.015187,2.755554,2.300890
-152.882630,-17.688634,2.653051,2.468234
-154.472080,-18.696295,2.538900,2.597140
-155.873264,-20.077320,2.489201,2.663146
-157.062270,-21.719732,2.548218,2.636355
-158.019068,-23.492897,2.740800,2.432514
-158.737849,-25.327661,2.670523,2.484930
-159.222245,-27.190195,2.585880,2.570738
-159.492127,-29.067307,2.670911,2.572679
-159.575920,-30.956557,2.720610,2.578503
-159.502125,-32.855603,2.736917,2.588210
-159.299246,-34.762103,2.734588,2.625484
-158.995784,-36.673717,2.731482,2.649168
-158.620242,-38.588101,2.728375,2.647615
-158.201122,-40.502915,2.725269,2.646450
-157.766728,-42.415835,2.722163,2.644897
-157.334452,-44.325531,2.718669,2.643733
-156.905345,-46.232163,2.715563,2.642568
-156.479113,-48.136014,2.712456,2.641015
-156.055466,-50.037365,2.709350,2.639850
-155.634110,-51.936500,2.706244,2.638297
-155.214755,-53.833699,2.703138,2.637132
-154.797107,-55.729245,2.700032,2.635579
-154.380875,-57.623420,2.696537,2.634414
-153.965767,-59.516507,2.693431,2.633249
-153.551491,-61.408787,2.690325,2.631696
-153.137755,-63.300543,2.687219,2.630531
-152.724266,-65.192056,2.684113,2.628978
-152.310733,-67.083610,2.681007,2.627813
-151.896864,-68.975485,2.677900,2.626260
-151.482366,-70.867965,2.674406,2.625096
-151.066948,-72.761331,2.671300,2.623931
-150.650318,-74.655866,2.668194,2.622378
-150.232193,-76.551814,2.665087,2.621213
-149.812381,-78.449094,2.661981,2.619660
-149.390734,-80.347463,2.658875,2.618495
-148.967104,-82.246672,2.655381,2.616942
-148.541345,-84.146474,2.652275,2.615777
-148.113309,-86.046622,2.646839,2.613059
-147.682849,-87.946870,2.613059,2.593257
-147.249817,-89.846971,2.579280,2.573844
-146.814066,-91.746677,2.545500,2.554042
-146.376052,-93.645437,2.511721,2.534240
-145.938981,-95.541309,2.477941,2.514827
-145.506843,-97.431957,2.444162,2.495025
-145.083628,-99.315044,2.410382,2.475223
-144.672332,-101.188516,2.385533,2.453480
-144.258324,-103.055353,2.469011,2.407664
-143.811827,-104.922861,2.517156,2.356801
-143.302570,-106.798485,2.416206,2.285359
-142.700264,-108.687382,2.328845,2.283418
-141.974298,-110.554402,2.268275,2.412323
-141.093787,-112.329920,2.405335,2.409994
-140.027838,-113.943200,2.582386,2.378932
-138.745621,-115.323610,2.611894,2.415430
-137.239266,-116.435399,2.635967,2.444162
-135.557457,-117.328754,2.653439,2.462799
-133.757427,-118.066859,2.621213,2.474058
-131.896413,-118.712897,2.582386,2.482989
-130.027151,-119.325355,2.558313,2.488813
-128.165685,-119.924435,2.533852,2.495025
-126.310174,-120.511672,2.509391,2.500849
-124.458654,-121.088475,2.485318,2.506673
-122.609163,-121.656254,2.460857,2.512497
-120.759739,-122.216419,2.436396,2.518710
-118.908417,-122.770379,2.412323,2.524534
-117.053237,-123.319544,2.387862,2.530358
-115.192234,-123.865324,2.363401,2.536182
-113.325028,-124.411267,2.339329,2.542394
-111.458098,-124.970199,2.314868,2.548218
-109.599779,-125.557457,2.290407,2.554042
-107.758410,-126.188380,2.266334,2.560254
-105.942295,-126.878078,2.241873,2.566078
-104.159225,-127.637909,2.238767,2.520651
-102.416569,-128.476143,2.239931,2.463575
-100.721680,-129.400961,2.241485,2.406111
-99.081886,-130.420501,2.256627,2.378156
-97.496599,-131.531444,2.296619,2.405335
-95.946459,-132.703300,2.336611,2.432514
-94.409384,-133.901635,2.376603,2.459692
-92.863292,-135.092018,2.416594,2.486871
-91.290559,-136.245921,2.418148,2.504344
-89.708728,-137.381377,2.404170,2.518321
-88.152004,-138.538478,2.390192,2.531911
-86.654690,-139.757452,2.376603,2.545500
-85.246060,-141.072925,2.391357,2.551324
-83.915988,-142.475685,2.411935,2.555595
-82.635794,-143.935870,2.432902,2.559866
-81.376687,-145.423497,2.457363,2.554042
-80.110408,-146.909047,2.489201,2.526087
-78.831445,-148.382811,2.521039,2.498131
-77.565101,-149.861919,2.552489,2.470564
-76.338871,-151.365411,2.455810,2.452315
-75.180250,-152.912325,2.302443,2.438726
-74.110845,-154.517597,2.283029,2.456586
-73.127685,-156.179020,2.296231,2.482600
-72.221386,-157.889916,2.309432,2.508614
-71.382565,-159.643608,2.324186,2.497355
-70.602929,-161.433521,2.340105,2.472117
-69.891238,-163.254670,2.356024,2.446491
-69.269751,-165.103335,2.372332,2.453092
-68.761098,-166.975827,2.389804,2.498131
-68.385901,-168.868502,2.407276,2.543171
-68.133796,-170.778403,2.461634,2.658875
-67.970044,-172.703109,2.532299,2.798264
-67.859250,-174.640213,2.554430,2.824278
-67.766118,-176.587303,2.576174,2.850681
-67.677931,-178.540145,2.597917,2.876695
-67.633131,-180.490382,2.619660,2.902709
-67.677206,-182.429090,2.641403,2.928723
-67.855644,-184.347345,2.679065,2.943477
-68.205728,-186.237691,2.768756,2.920569
-68.703541,-188.103621,2.845245,2.902709
-69.297524,-189.953574,2.870482,2.903874
-69.935983,-191.796013,2.895332,2.905038
-70.567930,-193.639282,2.920569,2.906592
-71.170017,-195.487072,2.945807,2.907756
-71.754906,-197.337014,2.941924,2.898050
-72.337671,-199.186333,2.877860,2.865435
-72.933107,-201.032315,2.813795,2.833208
-73.545093,-202.874608,2.749730,2.800594
-74.163355,-204.715930,2.685666,2.768367
-74.776672,-206.559202,2.621601,2.735753
-75.373824,-208.407344,2.557537,2.703138
-75.945560,-210.262721,2.656545,2.605682
-76.490456,-212.125477,2.792828,2.493084
-77.009027,-213.995207,2.785451,2.521816
-77.501792,-215.871505,2.720222,2.607235
-77.969256,-217.753973,2.654604,2.692655
-78.411754,-219.642302,2.589375,2.778462
-78.829492,-221.536255,2.587045,2.709739
-79.222674,-223.435593,2.604906,2.592093
-79.591502,-225.340081,2.622766,2.474447
-79.936178,-227.249483,2.635579,2.369614
-80.256906,-229.163560,2.600246,2.391357
-80.553887,-231.082076,2.564525,2.413488
-80.827326,-233.004795,2.529193,2.435231
-81.077328,-234.931457,2.493472,2.456975
-81.303309,-236.861636,2.472117,2.462410
-81.504383,-238.794835,2.465905,2.449597
-81.679662,-240.730554,2.459692,2.437173
-81.828259,-242.668295,2.454257,2.430184
-81.949285,-244.607560,2.451150,2.433290
-82.041854,-246.547851,2.448044,2.436008
-82.105078,-248.488669,2.444938,2.439114
-82.138069,-250.429516,2.452704,2.424360
-82.140491,-252.369974,2.465128,2.401840
-82.114134,-254.309941,2.477165,2.379320
-82.061299,-256.249389,2.489589,2.356801
-81.984291,-258.188290,2.484542,2.350588
-81.885410,-260.126617,2.476000,2.347871
-81.766959,-262.064343,2.467070,2.345153
-81.631240,-264.001439,2.460081,2.343600
-81.480556,-265.937879,2.460469,2.347871
-81.317185,-267.873637,2.460857,2.352142
-81.143070,-269.808719,2.461246,2.356413
-80.959908,-271.743154,2.461634,2.360683
-80.769388,-273.676971,2.461634,2.364954
-80.573202,-275.610201,2.462022,2.369225
-80.373038,-277.542873,2.462410,2.373496
-80.170587,-279.475016,2.462799,2.377767
-79.967540,-281.406661,2.463187,2.382038
-79.765586,-283.337836,2.463575,2.386309
-79.566223,-285.268588,2.463963,2.390580
-79.369614,-287.199083,2.463963,2.394463
-79.175352,-289.129536,2.464352,2.398734
-78.983029,-291.060162,2.464740,2.403005
-78.792237,-292.991178,2.465128,2.407276
-78.602569,-294.922797,2.461634,2.415818
-78.413615,-296.855236,2.452704,2.430184
-78.224969,-298.788711,2.443773,2.444162
-78.036222,-300.723438,2.434843,2.458528
-77.846894,-302.659451,2.425913,2.472894
-77.656236,-304.596118,2.416983,2.487260
-77.463434,-306.532646,2.408052,2.501237
-77.267677,-308.468247,2.399122,2.515603
-77.068151,-310.402128,2.390580,2.529969
-76.864045,-312.333499,2.381650,2.543947
-76.654545,-314.261570,2.372720,2.558313
-76.438839,-316.185548,2.363790,2.572679
-76.216146,-318.104661,2.354859,2.586657
-75.990519,-320.020869,2.345929,2.601023
-75.776050,-321.941807,2.336999,2.615389
-75.588079,-323.875814,2.328069,2.629367
-75.441947,-325.831232,2.319139,2.643733
-75.342865,-327.811350,2.310208,2.658099
-75.227464,-329.785273,2.301278,2.672465
-75.003941,-331.707931,2.472117,2.515992
-74.580398,-333.534206,2.717116,2.280700
-73.813824,-335.152553,2.777686,2.251191
-72.292685,-336.082830,2.648780,2.409994
-70.345404,-336.577527,2.502402,2.575397
-68.433768,-337.057132,2.502014,2.565302
-66.524303,-337.462219,2.502790,2.554430
-64.601177,-337.799007,2.503179,2.543559
-62.697402,-338.174971,2.503955,2.532299
-60.848527,-338.702846,2.504344,2.521427
-59.090102,-339.495357,2.501237,2.512109
-57.469342,-340.626739,2.479494,2.491531
-56.071982,-342.044119,2.425525,2.495802
-54.991692,-343.668424,2.265169,2.674018
-54.322146,-345.420587,2.431349,2.787781
-54.145678,-347.225149,2.514827,2.769532
-54.414702,-349.048086,2.540453,2.672076
-54.998696,-350.881816,2.549383,2.651110
-55.765798,-352.719187,2.557537,2.634802
-56.584654,-354.553076,2.565302,2.618495
-57.370759,-356.378921,2.573067,2.602188
-58.123606,-358.196759,2.581221,2.585880
-58.851426,-360.007107,2.588986,2.569961
-59.562454,-361.810478,2.597140,2.553654
-60.264921,-363.607389,2.604906,2.537346
-60.967061,-365.398355,2.613059,2.521039
-61.677106,-367.183890,2.620825,2.504732
-62.403289,-368.964511,2.628978,2.488424
-63.153390,-370.740829,2.636744,2.472117
-63.923886,-372.515878,2.644897,2.455810
-64.699427,-374.295225,2.652663,2.439502
-65.464106,-376.084555,2.660428,2.423195
-66.202018,-377.889556,2.668582,2.406888
-66.897256,-379.715912,2.676347,2.390580
-67.533915,-381.569311,2.684501,2.374273
-68.096087,-383.455438,2.617718,2.371167
-68.567832,-385.379962,2.471729,2.382038
-68.865727,-387.316154,2.404558,2.396793
-68.698441,-389.137465,2.406888,2.307879
-67.774596,-390.699358,2.824667,2.424360
-66.220116,-391.869605,2.751283,2.364178
-64.391784,-392.535026,2.601023,2.507450
-62.471578,-392.698619,2.476000,2.666641
-60.539649,-392.429744,2.702750,2.439114
-58.674953,-391.798538,2.606459,2.559478
-56.956472,-390.874622,2.661981,2.609565
-55.464829,-389.694537,2.911251,2.625096
-54.283256,-388.242297,3.136448,2.868153
-53.454403,-386.522223,3.129459,2.868153
-52.823622,-384.659365,3.122082,2.868153
-52.207219,-382.791989,3.115093,2.868153
-51.568564,-380.946416,3.108104,2.868153
-50.915310,-379.115258,3.101115,2.868153
-50.255116,-377.291121,3.094126,2.868153
-49.594573,-375.467640,3.087137,2.868153
-48.935134,-373.643388,3.080148,2.868153
-48.276714,-371.818420,3.073160,2.868153
-47.619227,-369.992792,3.066171,2.868541
-46.962588,-368.166557,3.059182,2.868541
-46.306710,-366.339769,3.052193,2.868541
-45.651509,-364.512485,3.044816,2.868541
-44.996898,-362.684758,3.037827,2.868541
-44.342793,-360.856643,3.030838,2.868541
-43.689107,-359.028195,3.023849,2.868541
-43.035754,-357.199468,3.016860,2.868541
-42.382649,-355.370517,3.009871,2.868541
-41.729706,-353.541396,3.002883,2.868541
-41.076840,-351.712160,2.995894,2.868541
-40.423964,-349.882864,2.988905,2.868541
-39.770994,-348.053563,2.981916,2.868929
-39.117844,-346.224311,2.974927,2.868929
-38.464433,-344.395158,2.967550,2.868929
-37.810739,-342.566121,2.960561,2.868929
-37.156767,-340.737198,2.953572,2.868929
-36.502522,-338.908386,2.946583,2.868929
-35.848009,-337.079683,2.939595,2.868929
-35.193235,-335.251087,2.932606,2.868929
-34.538205,-333.422595,2.925617,2.868929
-33.882925,-331.594205,2.918628,2.868929
-33.227399,-329.765915,2.911639,2.868929
-32.571634,-327.937723,2.904650,2.868929
-31.915634,-326.109625,2.897661,2.869318
-31.259406,-324.281621,2.890284,2.869318
-30.602956,-322.453708,2.883295,2.869318
-29.946287,-320.625883,2.876306,2.869318
-29.289407,-318.798144,2.869318,2.869318
-28.632321,-316.970488,2.862329,2.869318
-27.975033,-315.142915,2.855340,2.869318
-27.317551,-313.315420,2.848351,2.869318
-26.659878,-311.488003,2.841362,2.869318
-26.002022,-309.660660,2.834373,2.869318
-25.343986,-307.833390,2.831267,2.868929
-24.685778,-306.006189,2.831655,2.867765
-24.027401,-304.179057,2.832044,2.866988
-23.368863,-302.351989,2.832044,2.865823
-22.710168,-300.524986,2.832432,2.864658
-22.051322,-298.698043,2.832820,2.863882
-21.392331,-296.871158,2.832820,2.862717
-20.733199,-295.044330,2.833208,2.861940
-20.073933,-293.217557,2.833597,2.860776
-19.414538,-291.390835,2.833597,2.859611
-18.755020,-289.564162,2.833985,2.858834
-18.095383,-287.737536,2.834373,2.857669
-17.435634,-285.910956,2.834373,2.856893
-16.775779,-284.084418,2.834762,2.855728
-16.115822,-282.257920,2.835150,2.854563
-15.455770,-280.431461,2.835150,2.853787
-14.795627,-278.605037,2.835538,2.852622
-14.135400,-276.778647,2.835926,2.851845
-13.475093,-274.952288,2.835926,2.850681
-12.814713,-273.125957,2.836315,2.849516
-12.154264,-271.299654,2.836703,2.848739
-11.493754,-269.473374,2.836703,2.847574
-10.833185,-267.647117,2.837091,2.846798
-10.172566,-265.820879,2.837091,2.845633
-9.511900,-263.994659,2.837479,2.844468
-8.851194,-262.168454,2.837868,2.843692
-8.190454,-260.342262,2.837868,2.842527
-7.529683,-258.516080,2.838256,2.841750
-6.868889,-256.689907,2.838644,2.840586
-6.208077,-254.863740,2.838644,2.839421
-5.547252,-253.037577,2.839033,2.838644
-4.886419,-251.211414,2.839421,2.837479
-4.225585,-249.385251,2.839421,2.836703
-3.564754,-247.559085,2.839809,2.835538
-2.903933,-245.732914,2.840197,2.834373
-2.243127,-243.906734,2.840197,2.833597
-1.582341,-242.080545,2.840586,2.832432
-0.921581,-240.254343,2.840974,2.831655
-0.260852,-238.428127,2.840974,2.830491
0.399839,-236.601894,2.841362,2.829326
1.060489,-234.775642,2.841750,2.828549
1.721089,-232.949368,2.841750,2.827384
2.381637,-231.123070,2.842139,2.826608
3.042125,-229.296747,2.842527,2.825443
3.702549,-227.470395,2.842527,2.824278
4.362903,-225.644012,2.842915,2.823502
5.023181,-223.817597,2.843303,2.822337
5.683377,-221.991146,2.843303,2.821560
6.343487,-220.164658,2.843692,2.820396
7.003505,-218.338130,2.843692,2.819231
7.663425,-216.511560,2.844080,2.818454
8.323240,-214.684947,2.844468,2.817289
8.982945,-212.858288,2.844468,2.816125
9.642532,-211.031581,2.844857,2.815348
10.301996,-209.204826,2.845245,2.814183
10.961329,-207.378019,2.845245,2.813407
11.620527,-205.551159,2.845633,2.812242
12.279581,-203.724245,2.846021,2.811077
12.938486,-201.897275,2.846021,2.810301
13.597236,-200.070246,2.846410,2.809136
14.255823,-198.243157,2.846798,2.808359
14.914242,-196.416007,2.846410,2.807583
15.572486,-194.588793,2.836703,2.814960
16.230549,-192.761513,2.827384,2.822337
16.888423,-190.934167,2.817678,2.829714
17.546104,-189.106751,2.779239,2.801759
18.203585,-187.279264,2.733811,2.764873
18.860857,-185.451705,2.688772,2.727987
19.517917,-183.624072,2.643344,2.691490
20.174757,-181.796362,2.597917,2.654604
20.831371,-179.968575,2.577338,2.634802
21.487752,-178.140707,2.580444,2.631696
22.143894,-176.312758,2.583551,2.628590
22.799791,-174.484725,2.586269,2.625096
23.455436,-172.656608,2.589375,2.621989
24.110822,-170.828403,2.592481,2.618495
24.765944,-169.000109,2.595587,2.615389
25.420795,-167.171725,2.598693,2.612283
26.075368,-165.343248,2.601799,2.608788
26.729657,-163.514677,2.604906,2.605682
27.383656,-161.686011,2.608012,2.602188
28.037358,-159.857246,2.611118,2.599081
28.690757,-158.028381,2.613836,2.595975
29.343846,-156.199416,2.616942,2.592481
29.996620,-154.370346,2.620048,2.589375
30.649088,-152.541178,2.623154,2.586269
31.301280,-150.711919,2.626260,2.582774
31.953229,-148.882580,2.629367,2.579668
32.604968,-147.053172,2.632473,2.576174
33.256528,-145.223704,2.635579,2.573067
33.907941,-143.394188,2.638685,2.569961
34.559240,-141.564632,2.641403,2.566467
35.210456,-139.735049,2.644509,2.563361
35.861623,-137.905447,2.647615,2.559866
36.512772,-136.075838,2.650721,2.556760
37.163935,-134.246231,2.654604,2.560643
37.815144,-132.416636,2.660040,2.576174
38.466433,-130.587065,2.665476,2.591704
39.117832,-128.757527,2.670911,2.606847
39.769375,-126.928033,2.675959,2.622378
40.421093,-125.098592,2.681395,2.637908
41.073018,-123.269216,2.686831,2.653051
41.725183,-121.439913,2.692266,2.668582
42.377620,-119.610696,2.697702,2.684113
43.030362,-117.781574,2.703138,2.699255
43.683439,-115.952557,2.708185,2.714786
44.336885,-114.123655,2.713621,2.730317
44.990731,-112.294880,2.719057,2.745459
45.645010,-110.466240,2.724493,2.760990
46.299755,-108.637747,2.729929,2.776521
46.954996,-106.809410,2.734976,2.791664
47.610768,-104.981241,2.740024,2.806418
48.267100,-103.153248,2.742741,2.813795
48.924026,-101.325443,2.745071,2.821172
49.581578,-99.497836,2.747401,2.828549
50.239789,-97.670437,2.749730,2.835926
50.898689,-95.843256,2.752060,2.843303
51.558313,-94.016304,2.754390,2.850681
52.218691,-92.189591,2.756719,2.857669
52.879459,-90.363003,2.731093,2.786616
53.538667,-88.535925,2.705079,2.715951
54.193969,-86.707620,2.679065,2.644897
54.843017,-84.877350,2.653051,2.573844
55.483465,-83.044376,2.627425,2.502790
56.112965,-81.207959,2.601411,2.431737
56.729172,-79.367363,2.575397,2.361072
57.329737,-77.521848,2.552877,2.340105
57.912322,-75.670679,2.532299,2.345153
58.476055,-73.813577,2.511332,2.349812
59.023309,-71.951277,2.490754,2.354859
59.556890,-70.084648,2.469787,2.359519
60.079602,-68.214560,2.449209,2.364566
60.594252,-66.341881,2.432125,2.373496
61.103645,-64.467482,2.426301,2.395240
61.610589,-62.592232,2.420477,2.416983
62.117887,-60.716999,2.414653,2.438726
62.628328,-58.842648,2.408829,2.460857
63.143995,-56.969837,2.403005,2.482600
63.666078,-55.098960,2.397569,2.504344
64.195708,-53.230397,2.389415,2.503567
64.734014,-51.364524,2.380874,2.495025
65.282128,-49.501720,2.372332,2.486483
65.841180,-47.642364,2.363790,2.477941
66.412301,-45.786832,2.355248,2.469399
66.996622,-43.935504,2.346706,2.460857
67.595160,-42.088720,2.338164,2.452315
68.207313,-40.246296,2.338164,2.451539
68.831265,-38.407653,2.342047,2.454257
69.465171,-36.572205,2.345929,2.456586
70.107186,-34.739362,2.349424,2.459304
70.755465,-32.908538,2.353306,2.461634
71.408163,-31.079143,2.357189,2.464352
72.063434,-29.250590,2.360683,2.466681
72.719438,-27.422293,2.364566,2.469011
73.374880,-25.593839,2.368449,2.471729
74.029648,-23.765190,2.371943,2.474058
74.683779,-21.936357,2.375826,2.476776
75.337312,-20.107352,2.379709,2.479106
75.990286,-18.278184,2.383591,2.481824
76.642739,-16.448866,2.387086,2.484153
77.294709,-14.619407,2.390969,2.486871
77.946236,-12.789819,2.394851,2.489201
78.597357,-10.960111,2.398346,2.491919
79.248111,-9.130297,2.402228,2.494248
79.898537,-7.300385,2.406111,2.496966
80.548673,-5.470388,2.409606,2.499296
81.198558,-3.640316,2.413488,2.501626
81.848230,-1.810179,2.417371,2.504344
82.497728,0.020011,2.421254,2.506673
83.147089,1.850243,2.424748,2.509391
83.796353,3.680507,2.428631,2.511721
84.445559,5.510792,2.432514,2.514439
85.094744,7.341086,2.436008,2.516768
85.743947,9.171380,2.439891,2.519486
86.393207,11.001661,2.443773,2.521816
87.042562,12.831920,2.447268,2.524534
87.692051,14.662145,2.451150,2.526863
88.341712,16.492326,2.455033,2.529193
88.991584,18.322452,2.458528,2.531911
89.641705,20.152510,2.462410,2.534240
90.292113,21.982493,2.466293,2.536958
90.942848,23.812386,2.470176,2.539288
91.593947,25.642182,2.473670,2.542006
92.245450,27.471867,2.477553,2.544335
92.897394,29.301432,2.481436,2.547053
93.549819,31.130866,2.484930,2.549383
94.202762,32.960157,2.488813,2.552101
94.856263,34.789294,2.492695,2.554430
95.510328,36.618275,2.496190,2.556760
96.163934,38.447329,2.500073,2.559478
96.814809,40.276967,2.503955,2.561808
97.460609,42.107720,2.507450,2.564525
98.098988,43.940116,2.511332,2.566855
98.734862,45.773318,2.515215,2.569573
99.399771,47.601477,2.519098,2.571903
100.111533,49.420754,2.522592,2.574620
100.624130,51.269346,2.722940,2.654992
100.528190,53.196808,2.957067,2.812630
99.732270,55.007502,2.720610,2.658099
98.373488,56.332923,2.413100,2.246920
96.620419,57.001429,2.472117,2.132769
94.693917,57.239747,2.379709,2.228672
92.749278,57.255413,2.351365,2.331951
90.805312,57.129803,2.321080,2.351365
88.865556,56.930183,2.290795,2.370390
86.933546,56.723814,2.260121,2.389415
85.010909,56.566990,2.229836,2.408441
83.087575,56.448856,2.199551,2.427854
81.149051,56.333162,2.169266,2.446880
79.180836,56.183611,2.138981,2.465905
77.176553,55.981646,2.108696,2.485318
75.354269,56.196485,2.071034,2.507838
74.068496,57.336339,2.095883,2.419312
73.372648,59.035356,2.309432,2.251191
72.975288,60.973714,2.367284,1.988721
72.597712,62.923661,2.376603,2.039584
72.197318,64.851392,2.385921,2.090447
71.777241,66.760676,2.395240,2.141699
71.340618,68.655282,2.404170,2.192562
70.890584,70.538981,2.413488,2.243426
70.430276,72.415540,2.422807,2.294289
69.962830,74.288729,2.432125,2.345153
69.491382,76.162317,2.441444,2.396016
69.018707,78.039757,2.454257,2.436784
68.543691,79.921078,2.489978,2.407664
68.062848,81.804229,2.525698,2.378932
67.572660,83.687127,2.561419,2.349812
67.069607,85.567688,2.566078,2.355248
66.550171,87.443832,2.564525,2.367284
66.010832,89.313473,2.562972,2.379320
65.448072,91.174531,2.561419,2.391745
64.858371,93.024923,2.559866,2.403782
64.239620,94.863301,2.558313,2.415818
63.597531,96.692409,2.556760,2.427854
62.940515,98.516400,2.591704,2.442609
62.276983,100.339427,2.630531,2.457751
61.614872,102.165402,2.669358,2.472505
60.950761,103.992493,2.707797,2.487260
60.269679,105.813024,2.746624,2.502402
59.556132,107.619056,2.785451,2.517156
58.795048,109.402852,2.824278,2.532299
57.981163,111.161480,2.829714,2.543559
57.119163,112.896873,2.775744,2.548995
56.214179,114.611180,2.722163,2.554042
55.271337,116.306550,2.668194,2.559478
54.295768,117.985133,2.614612,2.564525
53.292599,119.649080,2.580833,2.556760
52.266960,121.300539,2.582386,2.526087
51.223978,122.941660,2.584327,2.495802
50.168361,124.574363,2.585880,2.465128
49.100425,126.198183,2.587822,2.434455
48.017896,127.811245,2.589763,2.403782
46.918464,129.411655,2.589763,2.375438
45.799819,130.997521,2.562196,2.388639
44.659652,132.566947,2.534240,2.401840
43.495653,134.118042,2.506673,2.415041
42.305513,135.648911,2.486871,2.424360
41.086939,137.157672,2.502014,2.415041
39.838995,138.643272,2.517156,2.406111
38.563026,140.106055,2.532299,2.396793
37.260593,141.546500,2.547442,2.387862
35.933261,142.965084,2.562584,2.378544
34.582592,144.362286,2.561419,2.376991
33.210150,145.738584,2.555983,2.377767
31.817498,147.094455,2.550159,2.378156
30.406198,148.430380,2.544724,2.378544
28.977824,149.746875,2.538900,2.379320
27.534155,151.045380,2.533076,2.379709
26.077175,152.328232,2.527640,2.379709
24.608877,153.597809,2.522204,2.379709
23.131253,154.856489,2.516768,2.379320
21.646295,156.106650,2.511332,2.379320
20.155998,157.350668,2.505897,2.378932
18.662352,158.590921,2.500461,2.378932
17.167350,159.829787,2.495025,2.378932
15.672858,161.069489,2.489589,2.378544
14.179466,162.310715,2.484153,2.378544
12.687032,163.553274,2.478329,2.378156
11.195406,164.796962,2.472894,2.378156
9.704439,166.041576,2.467458,2.378156
8.213980,167.286912,2.462022,2.377767
6.723879,168.532768,2.456586,2.377767
5.233987,169.778941,2.451150,2.377379
3.744152,171.025227,2.445715,2.377379
2.254226,172.271423,2.440279,2.376991
0.764057,173.517326,2.434843,2.376991
-0.726503,174.762733,2.429407,2.376991
-2.217605,176.007441,2.423972,2.376603
-3.709400,177.251247,2.418536,2.376603
-5.202037,178.493947,2.413100,2.376214
-6.695667,179.735338,2.407664,2.376214
-8.190438,180.975217,2.401840,2.375826
-9.686493,182.213394,2.397181,2.376214
-11.183782,183.449942,2.400287,2.379320
-12.682074,184.685186,2.403393,2.382815
-14.181130,185.919461,2.406111,2.386309
-15.680711,187.153105,2.409217,2.389415
-17.180578,188.386452,2.412323,2.392910
-18.680492,189.619838,2.415430,2.396404
-20.180215,190.853600,2.418536,2.399899
-21.679508,192.088072,2.421642,2.403005
-23.178163,193.323546,2.424360,2.406499
-24.676278,194.559869,2.427466,2.409994
-26.174123,195.796644,2.430572,2.413100
-27.671968,197.033472,2.433678,2.416594
-29.170082,198.269951,2.436784,2.420089
-30.668737,199.505681,2.439502,2.423195
-32.168203,200.740263,2.442609,2.426689
-33.668751,201.973296,2.445715,2.430184
-35.170650,203.204379,2.448821,2.433290
-36.674013,204.433331,2.451927,2.436784
-38.178150,205.661072,2.455033,2.440279
-39.682122,206.888869,2.457751,2.443385
-41.184990,208.117986,2.460857,2.446880
-42.685813,209.349691,2.463963,2.450374
-44.183651,210.585250,2.467070,2.453480
-45.677564,211.825927,2.470176,2.456975
-47.166612,213.072991,2.477553,2.450374
-48.649857,214.327705,2.486483,2.441444
-50.127359,215.590006,2.495413,2.432514
-51.601919,216.856185,2.503955,2.423583
-53.076807,218.121913,2.512885,2.414653
-54.555292,219.382859,2.521816,2.405723
-56.040643,220.634695,2.530358,2.396793
-57.536129,221.873091,2.539288,2.387862
-59.045020,223.093717,2.548218,2.378932
-60.570583,224.292243,2.556760,2.370002
-62.115709,225.464842,2.547053,2.370779
-63.679749,226.612353,2.536182,2.371943
-65.260137,227.738145,2.525310,2.373108
-66.854287,228.845617,2.514439,2.374273
-68.459614,229.938164,2.503567,2.375438
-70.073531,231.019183,2.492695,2.376603
-71.693453,232.092070,2.491531,2.374661
-73.316794,233.160222,2.500461,2.370390
-74.940968,234.227035,2.509391,2.365731
-76.563836,235.295309,2.518321,2.361072
-78.185441,236.364929,2.527251,2.356413
-79.806490,237.434892,2.536182,2.351753
-81.427691,238.504198,2.544724,2.347482
-83.049749,239.571845,2.553654,2.342823
-84.673373,240.636830,2.562584,2.338164
-86.299269,241.698153,2.571514,2.333505
-87.928144,242.754810,2.580444,2.329234
-89.560706,243.805801,2.589375,2.324574
-91.197615,244.850115,2.598305,2.319915
-92.839412,245.886725,2.607235,2.315256
-94.486615,246.914596,2.615777,2.310597
-96.139744,247.932697,2.624707,2.306326
-97.799320,248.939995,2.633638,2.301666
-99.465860,249.935457,2.625872,2.299337
-101.139886,250.918051,2.609565,2.298172
-102.821916,251.886744,2.593257,2.297007
-104.512460,252.840522,2.576950,2.295454
-106.211464,253.779393,2.560643,2.294289
-107.918021,254.704919,2.544335,2.293124
-109.631150,255.618791,2.528028,2.291960
-111.349872,256.522701,2.512109,2.290795
-113.073207,257.418340,2.495802,2.289630
-114.800175,258.307399,2.479494,2.288465
-116.529797,259.191569,2.463187,2.286912
-118.261092,260.072543,2.446880,2.285747
-119.993215,260.951781,2.448044,2.292348
-121.725954,261.829662,2.451539,2.299725
-123.459283,262.706246,2.455033,2.307102
-125.193176,263.581589,2.458139,2.314479
-126.927608,264.455751,2.461634,2.321856
-128.662554,265.328790,2.465128,2.329234
-130.397987,266.200764,2.468234,2.336611
-132.133882,267.071733,2.471729,2.343988
-133.870215,267.941753,2.475223,2.351365
-135.606958,268.810885,2.478329,2.358742
-137.344088,269.679185,2.481824,2.366119
-139.081577,270.546714,2.485318,2.373496
-140.819401,271.413528,2.488424,2.380874
-142.557535,272.279687,2.491919,2.388251
-144.295952,273.145248,2.495413,2.395240
-146.034627,274.010271,2.498519,2.402617
-147.773535,274.874814,2.502014,2.409994
-149.512649,275.738935,2.505508,2.417371
-151.251946,276.602692,2.508614,2.424748
-152.991398,277.466145,2.512109,2.432125
-154.730980,278.329351,2.515603,2.439502
-156.470668,279.192369,2.518710,2.446880
-158.210435,280.055257,2.522204,2.454257
-159.950255,280.918074,2.525698,2.461634
-161.690105,281.780878,2.528805,2.469011
-163.429957,282.643728,2.532299,2.476388
-165.169786,283.506682,2.535793,2.483765
-166.909567,284.369799,2.538900,2.491142
-168.649274,285.233136,2.542394,2.498519
-170.388882,286.096753,2.545888,2.505897
-172.128365,286.960708,2.548995,2.513274
-173.867697,287.825059,2.552489,2.520651
-175.606854,288.689864,2.555983,2.528028
-177.345809,289.555183,2.559090,2.535405
-179.084466,290.421200,2.562584,2.542782
-180.821454,291.290374,2.566078,2.550159
-182.554308,292.167111,2.569185,2.557537
-184.280528,293.055884,2.572679,2.564914
-185.997676,293.961040,2.575785,2.572291
-187.727139,294.839357,2.579280,2.579668
-189.549897,295.528635,2.643733,2.531522
-191.516998,295.840805,2.789722,2.424360
-193.352573,295.524525,2.698090,2.602188
-194.669596,294.353818,2.780792,2.626260
-195.499968,292.564997,2.763320,2.535793
-196.077881,290.614439,2.743130,2.535405
-196.545045,288.738746,2.726046,2.550159
-196.914260,286.870237,2.708962,2.564914
-197.214605,284.964533,2.691878,2.579668
-197.510592,283.040053,2.674794,2.594810
-197.869316,281.119792,2.657710,2.609565
-198.357871,279.226745,2.640626,2.624319
-199.034911,277.390196,2.397957,2.696537
-199.923199,275.666167,2.312538,2.675182
-201.035963,274.117789,2.289242,2.596364
-202.386429,272.808190,2.376603,2.392133
-203.984700,271.797283,2.543559,2.432902
-205.792056,271.094664,2.409606,2.475612
-207.731080,270.670051,2.364954,2.517545
-209.723294,270.492070,2.376603,2.525310
-211.690392,270.528985,2.421642,2.485707
-213.593044,270.666232,2.466681,2.446491
-215.480382,270.601284,2.417759,2.464740
-217.363387,270.034768,2.647227,2.477165
-218.875909,268.885148,2.784286,2.653439
-219.575943,267.197439,2.804865,2.644897
-219.693142,265.213418,2.797099,2.653439
-219.697526,263.224753,2.789334,2.662370
-219.721512,261.285836,2.781180,2.670911
-219.756357,259.355770,2.773415,2.679842
-219.798208,257.422629,2.765649,2.688772
-219.845461,255.486735,2.757884,2.697314
-219.896518,253.548455,2.750119,2.706244
-219.949782,251.608157,2.742353,2.714786
-220.003657,249.666205,2.734200,2.723716
-220.056544,247.722965,2.726434,2.732646
-220.106847,245.778804,2.732258,2.728764
-220.152969,243.834088,2.740024,2.723328
-220.193312,241.889183,2.747401,2.717892
-220.226279,239.944454,2.755166,2.712456
-220.250274,238.000270,2.762932,2.707021
-220.263698,236.056994,2.770697,2.701585
-220.264955,234.114993,2.778074,2.696149
-220.252447,232.174634,2.778462,2.702361
-220.224578,230.236282,2.779239,2.708185
-220.179750,228.300304,2.779627,2.714398
-220.116388,226.367053,2.780015,2.720610
-220.036243,224.435027,2.780015,2.698090
-219.947857,222.498935,2.720998,2.653439
-219.860603,220.553021,2.613447,2.606459
-219.783852,218.591531,2.505897,2.559478
-219.705489,216.616358,2.397957,2.512497
-219.470539,214.680246,2.389415,2.340493
-218.865493,212.865812,2.412323,2.170431
-217.670756,211.545811,2.522592,2.121121
-215.918595,211.131709,2.376214,2.180138
-213.960028,211.361174,2.372332,2.200328
-211.962021,211.802141,2.368449,2.220906
-210.035370,212.126603,2.364178,2.241096
-208.147207,212.375927,2.360295,2.261675
-206.247993,212.643842,2.356413,2.282253
-204.334047,212.938185,2.352142,2.302443
-202.411332,213.248730,2.348259,2.323021
-200.485811,213.565250,2.344376,2.343211
-198.562126,213.879196,2.340105,2.363790
-196.640497,214.187632,2.336222,2.384368
-194.720217,214.488797,2.332340,2.404558
-192.800579,214.780932,2.328069,2.425136
-190.880876,215.062275,2.324186,2.445326
-188.960401,215.331067,2.320303,2.465905
-187.038448,215.585547,2.316032,2.486483
-185.114309,215.823955,2.325351,2.493860
-183.187282,216.044546,2.338552,2.496966
-181.257085,216.247191,2.352142,2.500073
-179.324230,216.434789,2.365731,2.503179
-177.389313,216.610576,2.378932,2.506285
-175.452932,216.777787,2.392522,2.509391
-173.515685,216.939656,2.406111,2.512885
-171.578170,217.099418,2.419312,2.515992
-169.640984,217.260307,2.432902,2.519098
-167.704724,217.425559,2.446491,2.522204
-165.769971,217.598313,2.459692,2.525310
-163.836823,217.779163,2.473282,2.528416
-161.904851,217.965914,2.486871,2.531522
-159.973601,218.156233,2.500073,2.534629
-158.042618,218.347785,2.513662,2.538123
-156.111447,218.538238,2.527251,2.541229
-154.179632,218.725255,2.540453,2.544335
-152.246720,218.906504,2.554042,2.547442
-150.312254,219.079651,2.567632,2.550548
-148.375848,219.242731,2.580833,2.553654
-146.437879,219.398044,2.594422,2.556760
-144.499216,219.550619,2.608012,2.559866
-142.560738,219.705531,2.621213,2.563361
-140.623322,219.867852,2.634802,2.566467
-138.687844,220.042656,2.648392,2.569573
-136.755183,220.235016,2.661593,2.572679
-134.826216,220.450007,2.675182,2.575785
-132.901812,220.692658,2.682948,2.577727
-130.982036,220.963781,2.635579,2.566467
-129.065489,221.256484,2.588210,2.555595
-127.150613,221.563058,2.540841,2.544724
-125.235851,221.875793,2.493472,2.533464
-123.319648,222.186980,2.446103,2.522592
-121.400446,222.488907,2.399122,2.511332
-119.476688,222.773866,2.351753,2.500461
-117.546818,223.034147,2.304384,2.489589
-115.609481,223.261387,2.257015,2.478329
-113.668528,223.430428,2.223624,2.489589
-111.733344,223.498243,2.224012,2.491142
-109.813585,223.420943,2.304773,2.425136
-107.918902,223.154646,2.376603,2.367672
-106.057239,222.674106,2.434067,2.324186
-104.231148,222.012703,2.485707,2.315644
-102.442129,221.215318,2.429019,2.380097
-100.691679,220.326828,2.274099,2.509391
-98.979813,219.384015,2.167325,2.597528
-97.301917,218.398354,2.169655,2.591316
-95.652470,217.376391,2.172372,2.585104
-94.025955,216.324671,2.175090,2.578891
-92.416853,215.249739,2.177420,2.572679
-90.819646,214.158139,2.180138,2.566467
-89.228814,213.056417,2.182856,2.560643
-87.638840,211.951117,2.185185,2.554430
-86.044230,210.848754,2.187903,2.548218
-84.441861,209.753234,2.190621,2.542006
-82.832761,208.663876,2.192951,2.535793
-81.218386,207.579532,2.195669,2.529969
-79.600189,206.499055,2.198387,2.523757
-77.979624,205.421298,2.200716,2.517545
-76.358144,204.345113,2.203434,2.511332
-74.737204,203.269353,2.206152,2.505120
-73.118258,202.192870,2.208482,2.498908
-71.502749,201.114371,2.211199,2.493084
-69.892079,200.031745,2.213917,2.486871
-68.287628,198.942598,2.216247,2.480659
-66.690780,197.844536,2.218965,2.474447
-65.103171,196.734809,2.221683,2.468234
-63.532517,195.602189,2.224012,2.462022
-61.992756,194.426771,2.252356,2.421254
-60.498105,193.188256,2.293901,2.362237
-59.062791,191.866348,2.325351,2.307102
-57.717564,190.440988,2.310985,2.271381
-56.543087,188.892842,2.234884,2.322245
-55.619215,187.206928,2.123450,2.436396
-54.918930,185.412540,2.217412,2.429407
-54.355189,183.562712,2.311373,2.422807
-53.879063,181.683238,2.338552,2.418148
-53.464546,179.783680,2.328845,2.415041
-53.085926,177.873390,2.319139,2.411547
-52.717614,175.961670,2.309432,2.408441
-52.343423,174.054173,2.299725,2.405335
-51.962955,172.150408,2.290018,2.401840
-51.577328,170.249299,2.280312,2.398734
-51.187658,168.349769,2.270605,2.395628
-50.795063,166.450741,2.260898,2.392133
-50.400658,164.551139,2.251191,2.389027
-50.005561,162.649885,2.241485,2.385921
-49.610887,160.745903,2.231778,2.382427
-49.217789,158.838235,2.222071,2.379320
-48.828209,156.928585,2.212364,2.375826
-48.444863,155.021271,2.202657,2.372720
-48.070501,153.120723,2.192951,2.369614
-47.707854,151.231358,2.183244,2.366119
-47.339573,149.347072,2.173537,2.363013
-46.890214,147.431291,2.163830,2.359907
-46.401759,145.476216,2.154124,2.356413
-46.286151,143.573273,2.137428,2.375438
-46.947089,141.906796,2.050844,2.424360
-48.455239,140.791441,1.998816,1.975908
-50.310794,140.156648,2.040360,1.997651
-52.235594,139.797738,1.988721,2.096271
-54.169670,139.521161,1.990662,2.086565
-56.095037,139.256407,1.992215,2.076470
-58.014976,138.998498,1.993768,2.066763
-59.932962,138.743066,1.995321,2.056668
-61.852443,138.485778,1.996874,2.046961
-63.775220,138.224412,1.998816,2.036866
-65.700584,137.959967,2.000369,2.027159
-67.627615,137.693712,2.001922,2.017453
-69.555391,137.426916,2.003475,2.007358
-71.482991,137.160848,2.005028,1.997651
-73.409494,136.896777,2.006969,1.987556
-75.333981,136.635972,2.008522,1.977849
-77.255530,136.379702,2.010075,1.967754
-79.173415,136.129029,2.011628,1.958047
-81.090600,135.881104,2.013182,1.948340
-83.013349,135.629574,2.015123,1.938245
-84.948039,135.367969,2.016676,1.928539
-86.900922,135.089658,2.018229,1.918444
-88.814197,134.711158,2.107143,1.862533
-90.462839,133.948328,2.309044,1.792256
-91.626601,132.540228,2.186350,1.962706
-92.340152,130.672132,2.232943,2.125003
-92.753710,128.711778,2.365731,2.275264
-92.961371,126.772331,2.434067,2.356413
-93.030221,124.845474,2.432125,2.350977
-93.027183,122.922158,2.430572,2.345929
-93.018445,120.993446,2.428631,2.340493
-93.038489,119.055382,2.427078,2.335058
-93.078713,117.110764,2.425525,2.329622
-93.127438,115.162877,2.423583,2.324186
-93.173118,113.214973,2.422030,2.318750
-93.209929,111.268906,2.420089,2.313315
-93.239786,109.324641,2.418536,2.307879
-93.265152,107.382011,2.416594,2.302831
-93.288494,105.440846,2.415041,2.297395
-93.312277,103.500978,2.413100,2.291960
-93.338965,101.562239,2.411547,2.286524
-93.371023,99.624459,2.409606,2.281088
-93.410916,97.687470,2.408052,2.275652
-93.459709,95.750779,2.406111,2.270217
-93.496475,93.808778,2.404558,2.265169
-93.482630,91.851908,2.402617,2.259733
-93.334615,89.896746,2.301666,2.234107
-92.866715,88.020472,2.237990,2.052397
-91.944284,86.348093,2.250026,1.770124
-90.582060,85.094464,2.185574,1.959212
-88.832440,84.433614,2.078411,2.199940
-86.869271,84.156673,2.072975,2.165772
-84.897838,83.922179,2.067928,2.131216
-82.968739,83.636959,2.062492,2.096660
-81.065087,83.316300,2.057056,2.062104
-79.169716,82.975939,2.051620,2.027548
-77.265731,82.631850,2.046573,1.992992
-75.345974,82.308611,2.041137,1.958435
-73.415551,82.041633,2.035701,1.924268
-71.480347,81.867020,2.046961,1.891265
-69.546249,81.820876,2.089671,1.861368
-67.617773,81.925200,1.977849,1.933586
-65.694163,82.147911,1.891653,1.991050
-63.773408,82.443965,1.918055,1.984061
-61.853492,82.768319,1.944069,1.976684
-59.932497,83.078035,1.970084,1.969307
-58.009851,83.359678,1.971637,1.971637
-56.085973,83.621548,1.969307,1.975519
-54.161306,83.872450,1.966977,1.979014
-52.236275,84.120840,1.965036,1.982896
-50.311077,84.370300,1.962706,1.986779
-48.385739,84.620840,1.960377,1.990274
-46.460285,84.872387,1.958435,1.994156
-44.534739,85.124866,1.956106,1.997651
-42.609123,85.378204,1.953776,2.001533
-40.683463,85.632327,1.951835,2.005028
-38.757782,85.887162,1.949505,2.008911
-36.832103,86.142634,1.947176,2.012405
-34.906450,86.398672,1.944846,2.016288
-32.980846,86.655199,1.942905,2.019782
-31.055317,86.912144,1.940575,2.023665
-29.129884,87.169432,1.938245,2.027159
-27.204572,87.426991,1.936304,2.031042
-25.279405,87.684746,1.933974,2.034536
-23.354406,87.942623,1.931645,2.038419
-21.429599,88.200549,1.929703,2.042302
-19.505006,88.458451,1.927374,2.045796
-17.580612,88.716262,1.925044,2.049679
-15.656350,88.973924,1.923103,2.053173
-13.732154,89.231381,1.920773,2.057056
-11.807956,89.488575,1.918444,2.060551
-9.883688,89.745449,1.916502,2.064433
-7.959284,90.001945,1.914173,2.067928
-6.034675,90.258007,1.911843,2.071810
-4.109793,90.513577,1.909513,2.075305
-2.184573,90.768597,1.907572,2.079188
-0.258945,91.023012,1.905242,2.082682
1.667157,91.276763,1.902913,2.086565
3.593801,91.529793,1.900971,2.090059
5.521056,91.782046,1.898642,2.093942
7.448987,92.033463,1.896312,2.097824
9.377662,92.283988,1.894371,2.101319
11.307150,92.533563,1.892041,2.105202
13.237473,92.781698,1.889712,2.108696
15.162140,92.964432,1.887770,2.112579
17.061346,92.888130,1.990274,2.045020
18.913309,92.381957,2.069481,2.105978
20.693890,91.530452,2.129663,2.252356
22.379390,90.503501,2.204211,2.335446
23.955217,89.351866,2.291571,2.370390
25.410437,88.078374,2.401064,2.324186
26.734122,86.685724,2.312538,2.418924
27.916046,85.176993,2.155289,2.557148
28.967439,83.566924,2.173149,2.548995
29.924530,81.883848,2.191009,2.541229
30.824961,80.156864,2.208870,2.533076
31.706367,78.415069,2.226342,2.525310
32.598363,76.681420,2.244202,2.517545
33.502707,74.957569,2.262063,2.509391
34.415124,73.240547,2.279923,2.501626
35.331337,71.527388,2.297784,2.493472
36.247290,69.815267,2.315644,2.485707
37.161652,68.103110,2.333116,2.477553
38.074936,66.391027,2.350977,2.469787
38.987689,64.679151,2.368837,2.461634
39.900458,62.967614,2.386698,2.453868
40.813789,61.256549,2.404558,2.446103
41.728229,59.546088,2.422418,2.437949
42.644326,57.836364,2.439891,2.430184
43.562626,56.127509,2.457751,2.422030
44.483677,54.419656,2.475612,2.414265
45.408024,52.712937,2.493472,2.406111
46.336216,51.007485,2.489589,2.407276
47.268799,49.303432,2.469011,2.415041
48.206320,47.600912,2.448821,2.422807
49.149326,45.900056,2.428243,2.430572
50.098365,44.200997,2.408052,2.438338
51.053981,42.503868,2.387862,2.446103
52.016413,40.808692,2.367284,2.453868
52.976985,39.112361,2.347094,2.461634
53.917032,37.408257,2.326516,2.469399
54.817357,35.689576,2.306326,2.477553
55.658765,33.949513,2.354471,2.429019
56.422058,32.181263,2.408441,2.375438
57.088040,30.378023,2.386698,2.409217
57.637514,28.532986,2.344376,2.457751
58.051285,26.639349,2.280312,2.391745
58.315676,24.692924,2.216635,2.325351
58.482468,22.720554,2.250415,2.300890
58.645304,20.769132,2.337776,2.299337
58.793786,18.857978,2.329622,2.391357
58.721636,16.954576,2.258957,2.561808
58.269104,15.076507,2.536958,2.711292
57.404013,13.345910,2.671688,2.792052
56.128093,11.880899,2.559866,2.702361
54.559596,10.708791,2.602188,2.581998
52.843645,9.818053,2.561419,2.664311
51.037083,9.163285,2.538900,2.711292
49.165343,8.687064,2.552489,2.687607
47.253821,8.331949,2.565302,2.674406
45.327443,8.041410,2.576174,2.674018
43.399444,7.781442,2.587433,2.673241
41.470898,7.541484,2.598693,2.672853
39.542308,7.312071,2.609953,2.672076
37.614178,7.083738,2.621213,2.671300
35.686879,6.849252,2.632473,2.670911
33.760365,6.608270,2.643344,2.670135
31.834511,6.361783,2.654604,2.669747
29.909194,6.110779,2.665864,2.668970
27.984288,5.856247,2.677124,2.668194
26.059669,5.599175,2.688384,2.667805
24.135212,5.340553,2.699643,2.667029
22.210793,5.081368,2.710515,2.666641
20.286293,4.822556,2.721775,2.665864
18.361669,4.564464,2.733035,2.665476
16.436924,4.307085,2.744295,2.664699
14.512061,4.050404,2.755554,2.663923
12.587081,3.794409,2.766814,2.663534
10.661989,3.539088,2.777686,2.662758
8.736786,3.284427,2.788946,2.662370
6.811475,3.030414,2.800205,2.661593
4.886058,2.777036,2.766814,2.661593
2.960540,2.524279,2.717504,2.661205
1.034922,2.272131,2.668582,2.661205
